1;13;53.6901
1;14;-14.7791
1;15;56.4925
2;13;33.703
2;15;28.1124
3;13;-16.561
3;14;-6.64522
3;15;72.8
4;13;20.9365
4;14;49.1745
4;15;56.8804
5;13;37.6827
5;15;78.9483
6;13;33.3253
6;14;23.9207
6;15;51.7779
7;13;37.9765
7;14;20.8417
7;15;-18.585
8;13;54.8942
8;14;24.5235
8;15;44.7672
9;13;-16.9676
9;15;23.7466
10;13;36.8379
10;14;-14.4589
10;15;-16.5693
11;13;62.4659
11;14;64.2311
11;15;-16.3484
12;13;33.9584
12;14;12.9342
12;15;22.9613
9;23;-4.68455
23;14;60.6149
24;14;14.5316
2;30;16.3003
30;14;19.3097
13;38;-30.6776
38;14;60.1349
5;54;33.4473
54;24;-7.31507
16;6;-79.2747
