1;13;63.6901
1;14;-19.7791
1;15;51.4925
2;13;33.703
2;14;19.3097
2;15;28.1124
3;13;-11.561
3;14;-6.64522
3;15;72.8
4;13;25.9365
4;14;49.1745
4;15;56.8804
5;13;32.6827
5;14;24.5316
6;13;33.3253
6;14;23.9207
6;15;51.7779
7;13;37.9765
7;14;30.8417
7;15;-18.585
8;13;49.8942
8;14;19.5235
8;15;44.7672
9;13;-16.9676
9;14;60.6149
9;15;18.7466
10;13;36.8379
10;14;-14.4589
10;15;-16.5693
11;13;57.4659
11;14;59.2311
11;15;-16.3484
12;14;17.9342
12;15;22.9613
5;18;30.0558
18;15;78.9483
26;13;38.9584
11;7;41.9674
12;36;-6.22493
36;26;6.86387
9;1;70.6088
10;5;23.2549
