1;13;58.6901
1;14;-19.7791
1;15;56.4925
2;13;33.703
2;14;14.3097
2;15;28.1124
3;14;-6.64522
3;15;77.8
4;13;25.9365
4;14;44.1745
4;15;56.8804
5;13;37.6827
5;14;19.5316
5;15;78.9483
6;13;38.3253
6;14;23.9207
6;15;51.7779
7;14;20.8417
7;15;-18.585
8;13;54.8942
8;14;24.5235
8;15;44.7672
9;13;-16.9676
9;15;18.7466
10;13;36.8379
10;14;-14.4589
11;13;57.4659
11;15;-16.3484
12;13;28.9584
12;14;12.9342
12;15;22.9613
7;20;-66.3028
20;13;42.9765
10;22;5.91803
22;15;-16.5693
3;23;25.7599
23;13;-11.561
11;31;9.35478
31;14;59.2311
9;34;-11.8696
34;14;60.6149
6;0;0.754539
