1;13;53.6901
1;14;-24.7791
1;15;61.4925
2;13;33.703
2;14;19.3097
2;15;23.1124
3;13;-11.561
3;14;-11.6452
3;15;72.8
4;13;25.9365
4;14;49.1745
4;15;51.8804
5;13;32.6827
5;14;19.5316
5;15;83.9483
6;13;33.3253
6;14;28.9207
6;15;51.7779
7;13;47.9765
7;14;20.8417
7;15;-18.585
8;13;54.8942
8;14;19.5235
8;15;44.7672
9;13;-16.9676
9;14;60.6149
9;15;18.7466
10;13;36.8379
10;14;-9.45894
10;15;-11.5693
11;13;62.4659
11;14;59.2311
12;13;33.9584
12;14;12.9342
12;15;32.9613
17;15;-21.3484
12;6;-78.4092
3;25;-18.5864
25;13;-11.561
3;10;29.9527
9;12;42.7846
48;14;20.8417
11;51;-43.749
51;17;33.9673
15;6;-0.253784
3;0;-2.48482
16;3;-19.3005
7;64;-38.4601
64;48;-40.392
