1;13;-11.7423
1;14;3.1428
1;15;59.7798
2;13;43.3072
2;14;0.648853
2;15;17.8374
3;13;31.0686
3;14;55.9735
3;15;8.0042
4;13;-3.40258
4;15;5.72655
5;13;27.1483
5;14;-4.53449
5;15;6.04969
6;13;61.9677
6;14;37.3319
6;15;64.7684
7;13;-14.8061
7;14;62.7615
8;13;0.432861
8;14;49.2488
8;15;3.38917
9;13;19.8437
9;14;-14.5942
9;15;72.054
10;13;58.0012
10;14;-19.5838
11;13;47.1823
11;14;-15.9136
11;15;21.3984
12;13;2.9137
12;14;50.062
12;15;56.9695
10;17;-39.5507
17;15;-1.74442
4;36;-53.7851
36;14;39.9291
7;37;-4.54408
37;44;-78.8984
44;15;14.4943
