1;13;36.947
1;14;68.6344
1;15;27.0118
2;13;43.9199
2;14;-5.17697
2;15;72.5379
3;13;52.5694
3;14;26.4393
3;15;7.5884
4;13;34.7723
4;14;-9.47981
4;15;3.40158
5;13;43.7906
5;14;-8.70888
6;13;61.0784
6;14;-1.18863
6;15;26.125
7;13;1.22687
7;14;18.5282
7;15;23.6669
8;13;-7.03366
8;14;-7.58643
8;15;-1.23068
9;14;16.0164
9;15;71.7395
10;13;42.788
10;14;2.46433
10;15;36.5491
11;13;69.7055
11;14;17.8799
11;15;30.1835
12;14;53.9467
12;15;27.685
12;21;-14.2377
31;15;25.2681
9;37;14.1765
37;13;4.71679
5;48;20.3075
48;31;-19.8795
10;1;32.6379
10;2;-15.8464
21;58;-29.2872
58;13;21.7174
19;0;-17.339
