1;13;53.6901
1;14;-19.7791
1;15;56.4925
2;13;33.703
2;14;19.3097
2;15;28.1124
3;13;-11.561
3;14;-6.64522
3;15;72.8
4;13;30.9365
4;15;56.8804
5;13;32.6827
5;14;19.5316
5;15;78.9483
6;13;33.3253
6;14;18.9207
6;15;51.7779
7;13;37.9765
7;14;20.8417
8;13;49.8942
8;14;24.5235
9;13;-16.9676
9;14;60.6149
9;15;18.7466
10;13;41.8379
10;14;-14.4589
10;15;-16.5693
11;13;62.4659
11;14;54.2311
11;15;-21.3484
12;13;33.9584
12;14;12.9342
12;15;22.9613
7;28;-12.3368
28;15;-18.585
4;49;0.925508
49;14;54.1745
12;3;74.0186
8;50;64.7685
50;15;49.7672
