1;13;-8.5541
1;14;-1.53775
1;15;56.4925
2;13;33.703
2;14;27.9777
2;15;28.1124
3;13;47.5694
3;14;8.77364
3;15;72.8
4;13;34.7723
4;14;45.313
4;15;56.8804
5;13;32.6827
5;14;-11.2356
5;15;-5.78814
6;13;33.3253
6;14;18.9207
6;15;26.125
7;13;37.9765
7;14;70.9512
7;15;-7.37781
8;13;42.9359
8;14;63.2555
8;15;44.7672
9;14;48.4677
9;15;71.0227
10;13;41.7582
10;14;16.7118
10;15;-15.2817
11;13;32.7075
11;14;-2.2867
11;15;-16.3484
12;13;23.6497
12;14;18.7996
12;15;22.9613
7;26;-19.6182
26;15;-18.585
12;1;-50.5576
