1;13;18.7638
1;14;73.1835
1;15;51.4925
2;14;18.4293
2;15;28.1124
3;13;43.9979
3;15;48.7861
4;13;50.6995
4;14;54.1745
4;15;78.0075
5;13;67.9013
5;15;2.89682
6;13;69.3372
6;14;15.036
6;15;51.7779
7;13;75.6468
7;14;38.864
7;15;45.7304
8;13;65.8676
8;14;29.5235
8;15;72.397
9;13;17.6555
9;14;61.4767
9;15;48.4219
10;13;39.4885
10;14;23.2491
10;15;-3.4175
11;13;62.7391
11;14;72.0128
11;15;-5.234
12;14;25.569
12;15;23.1953
4;2;-24.5091
8;26;-18.8019
26;15;72.397
2;27;-69.3395
27;13;57.0952
5;28;-31.135
28;14;13.0337
3;31;-31.2902
31;14;15.4049
27;34;-39.7364
12;42;57.2311
42;13;73.1062
34;52;12.5759
52;13;52.0952
