1;13;14.7116
1;14;8.10594
1;15;40.9106
2;13;42.7158
2;14;23.8562
2;15;46.1792
3;13;52.936
3;14;15.4049
3;15;33.1033
4;14;14.1482
4;15;-14.9832
5;13;23.2441
5;14;-21.2356
5;15;74.6925
6;13;18.5748
6;14;68.4318
6;15;-4.52762
7;13;48.4445
7;14;18.3188
7;15;37.6691
8;13;18.2167
8;14;46.6557
8;15;8.87778
9;13;19.3746
9;14;59.5231
9;15;12.9642
10;13;76.5682
10;14;-17.4525
10;15;-19.6421
11;13;42.2167
11;14;61.4909
11;15;27.7961
12;13;23.1844
12;14;45.388
12;15;71.893
4;29;-35.2056
29;13;48.4757
30;14;46.6557
8;35;-72.2485
35;30;-72.3735
