1;13;53.6901
1;14;49.3692
1;15;56.4925
2;13;38.703
2;14;19.3097
3;13;-16.561
3;14;-1.64522
4;13;25.9365
4;15;61.8804
5;13;32.6827
5;14;19.5316
5;15;83.9483
6;13;13.9071
6;14;23.9207
6;15;56.7779
7;13;37.9765
7;14;25.8417
7;15;-18.585
8;13;49.8942
8;15;44.7672
9;13;-16.9676
9;14;60.6149
9;15;13.7466
10;13;31.8379
10;14;-14.4589
10;15;-26.5693
11;13;52.4659
11;14;64.2311
11;15;-16.3484
12;13;28.9584
12;14;12.9342
12;15;22.9613
17;14;44.1745
9;20;5.15301
20;14;60.6149
0;14;-11.8833
11;10;59.6243
8;47;28.7869
47;14;19.5235
3;48;-71.4052
48;15;72.0914
4;50;-62.7064
50;17;-64.7649
13;6;9.85822
5;16;40.6792
10;11;-84.1403
