1;13;58.6901
1;14;-19.7791
1;15;56.4925
2;13;38.703
2;14;19.3097
2;15;28.1124
3;13;-16.561
3;14;-16.6452
3;15;67.8
4;13;25.9365
4;14;49.1745
4;15;61.8804
5;13;37.6827
5;14;9.5316
5;15;73.9483
6;13;28.3253
6;14;13.9207
6;15;46.7779
7;14;25.8417
7;15;-18.585
8;13;59.8942
8;14;24.5235
8;15;49.7672
9;13;-21.9676
9;15;18.7466
10;13;36.8379
10;14;-14.4589
10;15;-16.5693
11;13;57.4659
11;15;-16.3484
12;13;28.9584
12;14;12.9342
12;15;22.9613
9;37;-63.0331
37;14;60.6149
4;0;-19.0779
7;45;77.1756
58;13;32.9765
11;60;37.9279
60;14;64.2311
1;2;20.9901
45;70;14.4139
70;58;-84.8072
