1;13;-18.8319
1;14;-5.77107
1;15;54.7798
2;13;43.9199
2;14;5.64885
2;15;72.5379
3;13;43.9979
3;14;41.4252
3;15;65.0775
4;13;21.1551
4;14;-14.114
4;15;-12.1768
5;13;-13.0094
5;14;0.465509
5;15;26.142
6;13;61.9677
6;14;37.3319
6;15;53.667
7;13;65.6826
7;14;62.7615
7;15;84.9994
8;13;19.3928
8;14;49.2488
8;15;24.7982
9;13;-0.283213
9;14;73.8963
9;15;62.054
10;13;76.5682
10;14;-19.5838
10;15;-3.4175
11;13;39.3892
11;14;-12.7336
11;15;30.1835
12;13;19.169
12;14;71.3027
12;15;66.9695
7;16;-57.3016
16;13;80.6468
4;5;15.7816
15;11;-9.88437
