1;13;-13.5541
1;14;68.0683
1;15;38.245
2;13;1.08632
2;14;8.42934
2;15;32.8885
3;13;11.2343
3;14;12.9309
3;15;56.8206
4;13;34.7723
4;14;24.0105
4;15;31.4936
5;13;19.93
5;14;-8.70888
5;15;25.265
6;13;69.3372
6;14;10.8247
6;15;34.0197
7;13;-19.4565
7;14;44.9787
7;15;36.106
8;13;26.1949
8;14;-5.67759
8;15;-1.23068
9;13;19.8437
9;14;48.4677
9;15;48.4219
10;13;66.7197
10;14;-13.7326
10;15;-15.2817
11;13;6.58183
11;14;72.0128
11;15;30.1835
12;13;11.356
12;14;-18.2002
12;15;39.6191
2;17;9.92905
17;13;43.9199
