1;13;53.6901
1;14;-19.7791
1;15;56.4925
2;13;33.703
2;14;24.3097
2;15;28.1124
3;13;-11.561
3;14;-6.64522
3;15;72.8
4;13;20.9365
4;14;49.1745
4;15;56.8804
5;13;32.6827
5;14;19.5316
5;15;78.9483
6;13;33.3253
6;14;28.9207
6;15;51.7779
7;13;32.9765
7;15;-13.585
8;13;44.8942
8;15;39.7672
9;13;-16.9676
10;13;36.8379
10;14;-14.4589
10;15;-16.5693
11;13;57.4659
11;14;59.2311
11;15;-16.3484
12;13;33.9584
12;14;12.9342
12;15;22.9613
8;19;-71.9461
19;14;24.5235
9;22;-3.87821
22;14;60.6149
7;40;-13.4347
40;14;15.8417
9;44;-6.99918
44;15;23.7466
