1;13;41.947
1;14;49.3692
1;15;10.8157
2;13;-9.02223
2;14;-0.197941
2;15;4.90027
3;14;47.4605
3;15;58.2262
4;13;7.66564
4;14;12.5177
4;15;20.1188
5;13;11.5658
5;14;4.26258
5;15;-18.1089
6;13;18.5748
6;14;-19.0927
6;15;21.7663
7;13;35.5398
7;14;57.0686
7;15;68.7197
8;13;73.3273
8;14;10.5408
8;15;53.7408
9;13;6.04449
9;14;44.9659
9;15;35.2316
10;13;76.5682
10;14;48.5986
10;15;9.28891
11;13;69.7055
11;14;11.195
11;15;3.54351
12;13;-24.3995
12;14;33.296
12;15;64.391
3;17;59.7806
17;13;-9.02673
12;19;-39.9573
19;15;7.29871
10;11;34.3963
14;13;-2.57682
11;0;50.3906
