1;13;58.6901
1;14;-19.7791
1;15;56.4925
2;13;33.703
2;15;33.1124
3;13;-6.56098
3;14;-6.64522
3;15;72.8
4;13;30.9365
4;14;49.1745
4;15;61.8804
5;15;73.9483
6;13;33.3253
6;14;23.9207
6;15;51.7779
7;14;20.8417
7;15;-18.585
8;13;54.8942
8;14;19.5235
8;15;44.7672
9;13;-16.9676
9;15;18.7466
10;13;41.8379
10;14;-9.45894
10;15;-6.56932
11;13;47.4659
11;14;64.2311
11;15;-11.3484
12;13;28.9584
12;14;12.9342
12;15;12.9613
5;17;-14.0183
17;13;32.6827
5;27;73.432
27;14;14.5316
9;28;18.0289
28;14;55.6149
2;29;-65.5693
29;14;14.3097
14;1;-4.82931
7;37;10.772
37;13;37.9765
3;1;-0.299408
10;12;29.1371
5;12;60.6143
9;19;-19.6869
