1;13;32.683
1;14;64.8
1;15;10.8157
2;13;2.10094
2;14;-12.6764
2;15;31.4382
3;13;-9.02673
3;14;36.1411
3;15;58.2262
4;13;62.1331
4;14;0.0352364
4;15;53.6747
5;13;9.39595
5;14;15.9942
5;15;-10.6085
6;13;18.5748
6;14;-19.4924
6;15;-4.52762
7;13;9.28856
7;14;-18.5421
7;15;18.0215
8;13;18.2167
8;14;10.5408
8;15;-12.1742
9;13;-0.901644
9;14;28.3648
9;15;25.2316
10;13;71.9591
10;14;48.5986
10;15;4.48583
11;13;49.7848
12;13;-19.3995
12;14;33.296
12;15;69.391
11;23;-54.1596
23;14;41.1241
11;35;71.3088
35;15;44.5889
6;7;-7.81872
