1;13;53.6901
1;14;24.4097
1;15;44.2076
2;13;45.3087
2;14;-8.08887
2;15;19.9324
3;13;31.4352
3;14;22.6412
3;15;39.5045
4;13;34.6107
4;14;51.9269
4;15;56.8804
5;13;72.9013
5;14;19.5316
5;15;40.9729
6;13;8.428
6;14;-1.98637
6;15;28.7254
7;13;37.9765
7;14;20.8417
7;15;77.9434
8;13;39.8481
8;14;24.5235
8;15;44.7672
9;13;27.6555
9;15;18.7466
10;13;76.7694
10;14;-4.07666
10;15;-11.5693
11;13;57.4659
11;15;6.3187
12;13;-16.3673
12;14;25.569
12;15;57.8257
5;18;9.11117
18;14;78.6644
9;41;-12.2825
11;44;60.6275
44;14;61.4909
