1;13;58.6901
1;14;-19.7791
1;15;56.4925
2;13;33.703
2;14;19.3097
3;13;-16.561
3;14;-6.64522
3;15;72.8
4;13;25.9365
4;15;56.8804
5;13;22.1483
5;14;19.5316
5;15;74.4318
6;13;33.3253
6;14;13.6351
6;15;51.7779
7;13;37.9765
7;14;25.8417
7;15;-23.585
8;13;39.8481
8;14;29.5235
8;15;44.7672
9;13;-16.9676
9;14;33.295
9;15;18.7466
10;13;36.8379
10;14;-9.45894
10;15;-16.5693
11;13;57.4659
11;14;-15.9136
11;15;-21.3484
12;13;33.9584
12;14;12.9342
12;15;22.9613
1;40;28.4986
40;13;53.6901
10;48;15.6786
48;15;-1.74442
7;3;24.7804
