1;13;64.3753
1;14;49.0502
1;15;61.4925
2;13;33.703
2;14;24.6645
2;15;7.78051
3;13;-11.561
3;14;47.6628
3;15;65.6507
4;13;25.9365
4;14;-13.4301
4;15;51.8804
5;13;27.6827
5;14;19.5316
5;15;78.9483
6;13;18.0434
6;14;23.9207
6;15;51.7779
7;13;37.9765
7;14;26.7274
7;15;10.1974
8;13;54.8942
8;14;19.5235
8;15;44.7672
9;13;-1.47548
9;14;60.6149
9;15;74.0837
10;13;57.5895
10;14;-14.4589
11;13;57.4659
11;14;59.2311
11;15;-16.3484
12;13;33.9584
12;14;12.9342
12;15;22.9613
12;3;-17.1478
10;31;-38.1487
31;15;18.845
