1;13;56.2679
1;14;40.2485
1;15;37.943
2;13;24.256
2;15;-10.036
3;13;58.5346
3;14;12.9309
3;15;65.6507
4;14;-18.4301
4;15;68.8723
5;13;54.7809
5;14;43.8687
5;15;-16.4579
6;13;23.0434
6;15;34.0197
7;13;40.1427
7;14;57.0686
7;15;0.197405
8;14;-7.69353
8;15;1.50661
9;14;-7.45091
9;15;74.0837
10;13;62.5895
10;15;-12.3005
11;13;57.2706
11;14;-14.799
11;15;-2.10483
12;13;-10.1174
12;14;50.062
12;15;37.5596
10;18;41.2594
18;14;5.82569
2;28;33.2508
28;14;24.6645
6;29;-15.3589
29;14;54.113
4;39;1.52339
39;13;7.91775
9;40;8.10859
40;13;28.1733
8;43;-9.95893
43;13;-10.1163
