1;13;54.3753
1;14;63.6104
2;13;59.2995
2;15;17.7805
3;13;58.5346
3;15;70.6507
4;13;51.9462
4;14;0.0352364
4;15;40.9179
5;13;6.5658
5;15;16.2115
6;13;18.0434
6;14;38.2846
6;15;30.5339
7;13;35.5398
7;14;-18.5421
7;15;5.1974
8;13;18.2167
8;14;10.5408
8;15;48.7408
9;13;-1.47548
9;14;74.4697
9;15;74.0837
10;13;62.5895
10;14;5.82569
10;15;28.845
11;13;49.7848
11;15;-2.10483
12;13;-15.1174
12;14;33.296
12;15;64.391
3;16;5.99495
16;14;47.4605
1;30;18.2528
30;15;10.8157
2;36;29.623
36;14;-0.197941
11;37;40.1727
37;14;-14.799
8;5;-6.99528
5;39;46.706
39;14;43.8687
11;3;6.55599
9;2;-26.0391
18;9;20.5744