1;13;23.7638
1;14;-24.7791
1;15;73.081
2;13;33.703
2;14;-5.17697
2;15;33.1124
3;13;43.9979
3;14;-6.64522
3;15;69.9086
4;13;56.7014
4;14;44.1745
4;15;51.8804
5;13;32.6827
5;14;3.93208
5;15;25.2681
6;13;33.3253
6;14;23.9207
6;15;46.7779
7;13;37.9765
7;14;38.864
7;15;58.0224
8;13;65.8676
8;14;24.5235
8;15;64.5273
9;13;-21.9676
9;14;60.6149
9;15;18.7466
10;13;23.4398
10;14;45.4029
10;15;-16.5693
11;13;67.4659
11;14;72.0128
11;15;-16.3484
12;13;11.0105
12;15;23.1953
7;18;44.2793
18;15;-18.585
12;7;-39.58
