1;13;-8.5541
1;14;63.6104
1;15;10.8157
2;13;5.62279
2;14;45.0491
2;15;48.7527
3;13;80.2662
3;14;43.8654
3;15;69.9086
4;13;51.9462
4;14;0.0352364
4;15;31.4936
5;13;19.93
5;14;-19.4591
5;15;25.265
6;13;46.7908
6;14;9.36781
6;15;-4.52762
7;13;-1.62346
7;14;62.9808
7;15;-15.0838
8;13;24.9105
8;14;10.5408
8;15;-3.03505
9;13;47.3648
9;14;12.3852
9;15;66.5181
10;13;71.9591
10;14;-10.0441
10;15;-15.2817
11;13;14.4251
11;14;41.1241
11;15;44.5889
12;13;-6.82979
12;14;1.86843
12;15;64.391
10;17;33.3636
17;14;25.724
