1;13;53.6901
1;14;-19.7791
1;15;56.4925
2;13;33.703
2;14;23.8562
2;15;28.1124
3;13;-6.56098
3;14;-6.64522
3;15;39.5045
4;13;25.9365
4;14;44.1745
4;15;56.8804
5;13;32.6827
5;14;39.254
6;13;33.3253
6;15;51.7779
7;13;37.9765
7;14;20.8417
7;15;-18.585
8;13;54.8942
8;14;24.5235
8;15;44.7672
9;14;55.6149
9;15;82.538
10;13;36.8379
10;14;-14.4589
10;15;-16.5693
11;13;57.4659
11;14;59.2311
11;15;-16.3484
12;14;12.9342
12;15;27.9613
5;18;16.3259
18;15;78.9483
12;23;-17.3001
23;13;33.9584
5;28;-55.3893
28;13;32.6827
9;40;14.1852
40;13;-16.9676
3;7;0.830435
6;51;-37.2335
51;14;-19.0927
