1;13;53.6901
1;14;-19.7791
1;15;61.4925
2;13;33.703
2;14;14.3097
2;15;28.1124
3;13;-11.561
3;15;72.8
4;13;25.9365
4;14;49.1745
4;15;56.8804
5;14;19.5316
5;15;78.9483
6;13;33.3253
6;14;23.9207
6;15;51.7779
7;13;37.9765
7;15;-13.585
8;13;54.8942
8;14;24.5235
8;15;44.7672
9;13;-16.9676
9;14;55.6149
9;15;13.7466
10;13;36.8379
10;14;-19.4589
10;15;-16.5693
11;13;57.4659
11;15;-21.3484
12;13;33.9584
12;15;22.9613
7;20;-7.16251
20;14;20.8417
3;25;-43.9246
25;14;-11.6452
5;38;-20.4034
38;13;32.6827
11;41;-53.7826
41;14;54.2311
11;10;47.3503
12;56;-5.95097
56;14;17.9342
12;1;-15.3796
5;8;5.04291
16;4;-37.4826
