1;13;53.6901
1;14;-19.7791
1;15;51.4925
2;13;33.703
2;14;24.3097
2;15;23.1124
3;15;72.8
4;13;40.9365
4;15;61.8804
5;13;32.6827
5;14;19.5316
5;15;78.9483
6;13;33.3253
6;14;23.9207
6;15;51.7779
7;13;32.9765
7;14;20.8417
7;15;-18.585
8;13;54.8942
8;14;24.5235
8;15;49.7672
9;13;-16.9676
9;14;60.6149
9;15;18.7466
10;13;36.8379
10;14;-14.4589
10;15;-16.5693
11;13;57.4659
11;15;-16.3484
12;14;7.93417
12;15;22.9613
3;19;63.7141
7;8;31.785
11;23;-22.2541
23;14;59.2311
4;26;2.76787
26;14;49.1745
3;34;72.6791
34;13;-11.561
12;36;-53.0879
36;13;33.9584
9;7;3.40529
19;57;69.3767
57;14;-6.64522
