1;13;53.6901
1;14;-19.7791
1;15;61.4925
2;13;33.703
2;14;14.3097
2;15;33.1124
3;13;-11.561
3;15;77.8
4;13;25.9365
4;14;44.1745
4;15;51.8804
5;14;24.5316
5;15;78.9483
6;13;33.3253
6;14;33.9207
6;15;51.7779
7;13;42.9765
7;14;20.8417
8;13;54.8942
8;14;24.5235
8;15;39.7672
9;13;-16.9676
9;15;18.7466
10;13;51.8379
10;14;-14.4589
10;15;-21.5693
11;13;52.4659
11;14;59.2311
11;15;-16.3484
12;13;33.9584
12;14;7.93417
12;15;32.9613
16;14;-24.0407
3;24;10.2831
24;14;-11.6452
7;12;-54.9149
7;37;-2.14744
37;15;-13.585
43;14;55.6149
9;48;-55.088
48;43;-7.99565
11;7;38.9594
5;50;61.1818
50;13;37.6827
15;5;-2.93598
