1;13;53.6901
1;14;-9.77908
1;15;56.4925
2;13;33.703
2;14;4.30973
2;15;23.1124
3;13;-11.561
3;14;-6.64522
3;15;72.8
4;13;25.9365
4;14;49.1745
4;15;56.8804
5;13;32.6827
5;15;73.9483
6;13;33.3253
6;14;23.9207
6;15;51.7779
7;13;37.9765
7;14;20.8417
7;15;-23.585
8;13;54.8942
8;14;24.5235
8;15;49.7672
9;13;-16.9676
10;13;31.8379
10;14;-14.4589
10;15;-16.5693
11;13;57.4659
11;14;59.2311
12;14;12.9342
12;15;27.9613
12;16;7.40717
16;13;33.9584
11;19;69.7052
19;15;-16.3484
9;29;-42.6196
29;15;18.7466
9;31;-83.8646
31;14;60.6149
10;41;6.24383
41;7;-0.970307
5;45;-26.9019
45;14;19.5316
