1;13;53.6901
1;14;-19.7791
1;15;56.4925
2;13;28.703
2;14;24.3097
2;15;33.1124
3;13;-11.561
3;14;-11.6452
4;13;25.9365
4;15;56.8804
5;13;32.6827
5;15;78.9483
6;13;33.3253
6;14;18.9207
6;15;41.7779
7;13;37.9765
7;14;20.8417
7;15;-18.585
8;13;54.8942
8;14;19.5235
8;15;44.7672
9;13;-21.9676
9;15;18.7466
10;13;36.8379
10;14;-14.4589
10;15;-11.5693
11;13;57.4659
11;14;59.2311
11;15;-11.3484
12;13;33.9584
12;14;12.9342
12;16;37.0371
16;15;22.9613
3;21;-76.4108
21;15;72.8
4;24;-75.6502
24;14;49.1745
9;32;77.694
32;14;60.6149
5;37;65.7573
37;14;19.5316
