1;13;53.6901
1;14;-19.7791
2;13;33.703
2;14;19.3097
2;15;23.1124
3;14;-6.64522
3;15;77.8
4;13;25.9365
4;14;49.1745
4;15;56.8804
5;14;19.5316
6;13;33.3253
6;14;33.9207
6;15;51.7779
7;13;42.9765
7;14;15.8417
7;15;-13.585
8;13;54.8942
8;14;24.5235
8;15;44.7672
9;13;-16.9676
9;14;60.6149
9;15;23.7466
10;13;36.8379
10;14;-14.4589
10;15;-21.5693
11;13;62.4659
11;15;-16.3484
12;13;33.9584
12;14;12.9342
12;15;22.9613
3;20;-38.7305
20;13;-11.561
29;15;56.4925
11;30;69.591
30;14;59.2311
6;8;-20.8095
5;44;61.3335
44;13;32.6827
9;3;36.3187
5;52;76.8662
52;15;78.9483
1;53;49.1898
53;29;-26.0125
