1;13;59.3753
1;14;49.0502
1;15;56.4925
2;13;59.2995
2;14;19.3097
2;15;28.1124
3;13;-11.561
3;14;-6.64522
3;15;67.8
4;13;25.9365
4;14;-13.4301
4;15;61.8804
5;14;43.8687
5;15;16.2115
6;13;33.3253
6;14;23.9207
6;15;56.7779
7;13;32.9765
7;14;26.7274
7;15;5.1974
8;13;77.0693
8;14;24.5235
8;15;44.7672
9;13;-21.9676
9;14;74.4697
9;15;74.0837
10;13;62.5895
10;15;28.845
11;13;57.2706
11;14;-14.799
12;14;17.9342
12;15;37.5596
10;18;35.9241
18;14;-9.45894
11;22;-62.7245
22;15;-16.3484
12;32;29.4685
32;13;-15.1174
5;51;76.3535
51;13;32.6827
