1;13;53.6901
1;14;73.1835
1;15;73.081
2;13;33.703
2;14;19.3097
2;15;53.8534
3;13;43.9979
3;14;-6.64522
3;15;53.7861
4;13;25.9365
4;14;24.0105
4;15;68.0075
5;13;62.9201
5;14;13.0337
5;15;78.9483
6;13;69.3372
6;14;15.036
6;15;48.667
7;13;37.9765
7;14;38.864
7;15;45.7304
8;13;65.8676
8;14;23.956
8;15;72.397
9;13;-16.9676
9;14;61.4767
9;15;48.4219
10;13;71.0972
10;14;-9.45894
11;13;57.4659
11;14;72.0128
11;15;-16.3484
12;13;33.9584
12;15;22.9613
10;27;-75.9101
27;15;-16.5693
12;35;74.2828
35;14;44.1081
