1;13;53.6901
1;14;21.3732
1;15;41.3161
2;13;33.703
2;15;18.1124
3;14;15.4049
3;15;72.8
4;13;15.9365
4;14;24.0105
4;15;56.8804
5;13;62.9201
5;14;13.0337
5;15;78.9483
6;13;33.3253
6;14;23.9207
6;15;74.3081
7;13;37.9765
7;14;20.8417
7;15;-13.585
8;13;65.8676
8;14;23.956
8;15;44.7672
9;13;-16.9676
9;14;61.4767
9;15;18.7466
10;13;36.8379
10;14;-14.4589
10;15;-26.5693
11;13;77.4499
11;14;59.2311
11;15;-16.3484
12;13;38.9584
12;14;12.9342
12;15;22.9613
2;17;-59.2689
17;14;19.3097
3;19;74.54
19;13;51.7512
9;3;-59.7579
