1;13;58.6901
1;14;-14.7791
1;15;51.4925
2;13;28.703
2;14;19.3097
2;15;33.1124
3;13;-6.56098
3;14;-11.6452
3;15;62.8
4;13;20.9365
4;14;54.1745
4;15;56.8804
5;13;37.6827
5;14;19.5316
5;15;78.9483
6;13;43.3253
6;15;46.7779
7;13;32.9765
7;14;20.8417
8;13;54.8942
8;15;49.7672
9;13;-16.9676
9;15;13.7466
10;13;41.8379
10;14;-14.4589
10;15;-11.5693
11;13;62.4659
11;14;59.2311
11;15;-16.3484
12;14;12.9342
12;15;22.9613
8;43;-19.3757
43;14;29.5235
45;14;60.6149
7;50;-76.1652
50;15;-13.585
10;0;12.3552
9;54;-41.5894
54;45;-1.60306
12;58;-2.37192
58;13;33.9584
