1;13;48.6901
1;14;-19.7791
1;15;56.4925
2;13;33.703
2;14;14.3097
2;15;23.1124
3;13;-11.561
3;14;-1.64522
3;15;72.8
4;13;30.9365
4;14;49.1745
4;15;56.8804
5;13;32.6827
6;13;33.3253
6;14;23.9207
6;15;46.7779
7;13;37.9765
7;14;20.8417
8;13;54.8942
8;14;24.5235
8;15;44.7672
9;13;-16.9676
9;14;60.6149
9;15;18.7466
10;13;36.8379
10;14;-9.45894
10;15;-16.5693
11;13;57.4659
11;14;59.2311
11;15;-16.3484
12;13;33.9584
7;21;4.81816
21;15;-13.585
5;36;71.8629
36;14;14.5316
12;37;51.1496
37;14;12.9342
12;3;71.4236
12;50;-73.8577
50;15;22.9613
5;60;14.1482
60;15;78.9483
