1;13;42.683
1;14;49.0502
1;15;7.61199
2;14;24.6645
2;15;31.4382
3;13;68.9813
3;15;33.1033
4;13;62.1331
4;14;-18.4301
4;15;53.6747
5;13;14.3959
5;14;43.8687
5;15;-15.6085
6;13;23.0434
6;14;-19.4924
6;15;30.5339
7;13;30.0019
7;14;50.8262
7;15;0.197405
8;13;30.741
8;14;26.7471
9;13;-0.901644
9;14;23.3648
9;15;62.3381
10;13;67.5895
10;14;-6.5589
10;15;4.48583
11;13;51.1355
11;14;-19.799
12;13;-15.1174
12;15;42.5596
3;24;69.9722
24;14;47.6628
11;31;-49.9621
31;15;-10.7142
2;36;-71.109
36;13;5.62279
12;43;-7.95185
43;14;64.5005
8;45;-26.7529
45;15;-12.1742
3;4;47.6961
