1;13;53.6901
1;14;-24.7791
1;15;56.4925
2;13;33.703
2;14;19.3097
2;15;5.49064
3;14;-6.64522
3;15;67.8
4;13;57.5058
4;14;44.1745
4;15;56.8804
5;13;2.99838
5;14;79.4196
5;15;78.9483
6;13;33.3253
6;14;23.9207
6;15;51.7779
7;13;65.6826
7;14;20.8417
7;15;54.923
8;13;54.8942
8;14;26.7471
8;15;44.7672
9;13;-16.9676
9;14;60.6149
9;15;18.7466
10;13;36.8379
10;14;-14.4589
10;15;-16.5693
11;13;77.4499
11;14;-0.446192
11;15;-16.3484
12;13;28.9584
12;15;74.6811
3;32;-19.2505
32;13;-11.561
3;36;79.827
36;15;67.8
