1;13;25.7716
1;14;-19.7791
1;15;51.4925
2;13;29.256
2;14;-3.08887
2;15;28.1124
3;13;37.8635
3;14;-6.64522
3;15;72.8
4;13;35.9365
4;15;56.8804
5;14;-3.01797
5;15;25.2681
6;13;28.3253
6;15;39.6196
7;14;62.9808
7;15;-18.585
8;13;75.6111
8;14;-2.58643
8;15;44.7672
9;13;28.1733
9;14;16.0164
9;15;62.6769
10;13;36.8379
10;14;21.7118
10;15;-16.5693
11;13;19.4251
11;14;17.8799
11;15;-16.3484
12;13;-16.3673
12;14;7.93417
12;15;22.9613
23;13;8.36562
6;29;-18.752
29;14;23.9207
5;47;-6.28529
47;13;32.6827
4;51;18.7348
51;14;44.1745
7;60;26.6086
60;23;-32.5776
