1;13;36.947
1;14;63.6104
1;15;15.8157
2;13;19.256
2;15;46.2442
3;13;42.8635
3;15;58.2262
4;13;-2.33436
4;14;17.5177
4;15;20.1188
5;13;6.5658
5;14;23.4009
5;15;-0.647232
6;13;-17.5424
6;14;33.2846
6;15;-4.52762
7;13;35.5398
7;14;-18.5421
7;15;18.0215
8;13;-10.1163
8;14;-13.6839
8;15;-5.50538
9;14;44.9659
9;15;62.6769
10;13;76.9591
10;14;15.7193
11;13;49.7848
11;14;61.4909
11;15;45.9146
12;13;21.7174
12;14;33.296
12;15;64.391
16;13;6.04449
3;19;-34.6248
19;14;31.4393
13;7;-29.3033
2;41;-3.39452
41;14;-8.08887
10;49;-27.8244
49;15;34.1743
9;54;69.884
54;16;20.7807
