1;13;-2.37893
1;14;22.6199
1;15;56.4925
2;13;25.2576
2;14;19.3097
2;15;12.7805
3;13;43.9458
3;15;8.0042
4;13;7.91775
4;14;-18.4301
4;15;-8.67194
5;13;27.1483
5;14;24.5316
5;15;16.2115
6;13;38.3253
6;14;37.3319
6;15;55.5581
7;13;67.3271
7;14;26.7274
7;15;5.1974
8;13;59.3811
8;14;24.5235
8;15;78.3596
9;13;-16.9676
9;14;27.3894
9;15;74.0837
10;13;63.0012
10;14;-14.4589
10;15;-12.3005
11;13;44.3892
11;14;4.80441
11;15;55.9095
12;13;-15.1174
12;14;12.9342
12;15;42.5596
28;13;33.9584
8;51;-9.79017
51;15;78.3596
12;53;0.63722
53;60;-56.2554
60;28;52.757
