1;13;58.6901
1;14;4.00624
1;15;56.4925
2;14;4.14149
2;15;23.1124
3;13;-11.561
3;14;55.9735
3;15;72.8
4;13;20.9365
4;14;-8.70357
4;15;56.8804
5;13;27.6827
5;14;14.5316
5;15;69.6925
6;13;33.3253
6;14;-3.91756
6;15;56.7779
7;13;32.9765
7;14;15.8417
7;15;-23.585
8;13;54.8942
8;14;24.5235
8;15;44.7672
9;13;-16.9676
9;15;28.6585
10;13;9.31774
10;14;78.4363
10;15;-16.5693
11;13;57.4659
11;15;-21.3484
12;13;23.6497
12;14;12.9342
12;15;4.16303
4;23;-46.0021
23;14;49.1745
9;28;28.2054
28;14;60.6149
11;31;-80.5222
31;14;64.4113
2;34;-0.71418
34;13;33.703
6;43;45.5081
43;5;5.98489
10;11;33.3848
