1;13;53.6901
1;14;-19.7791
1;15;56.4925
2;13;33.703
2;14;19.3097
2;15;28.1124
3;13;-11.561
3;14;-11.6452
3;15;67.8
4;13;25.9365
4;15;46.8804
5;13;32.6827
5;15;83.9483
6;13;33.3253
6;14;18.9207
6;15;41.7779
7;13;37.9765
7;14;20.8417
7;15;-13.585
8;13;49.8942
8;14;19.5235
8;15;44.7672
9;15;18.7466
10;13;36.8379
10;14;-9.45894
10;15;-16.5693
11;13;57.4659
11;15;-16.3484
12;14;7.93417
12;15;22.9613
12;21;32.2996
21;13;33.9584
4;26;50.6826
26;14;54.1745
9;27;-8.93691
27;14;60.6149
5;30;23.5568
30;14;19.5316
9;33;-37.6054
33;13;-16.9676
11;50;-64.9901
50;14;59.2311
9;2;-48.5268
17;5;-20.719
