1;13;53.6901
1;14;-14.7791
1;15;54.2076
2;13;38.703
2;14;14.3097
2;15;28.1124
3;13;-16.561
3;14;-6.64522
3;15;48.7861
4;13;25.9365
4;14;24.0105
4;15;56.8804
5;13;32.6827
5;14;79.4196
5;15;73.9483
6;13;33.3253
6;15;51.7779
7;14;15.8417
7;15;-18.585
8;13;54.8942
8;14;24.5235
8;15;49.7672
9;13;-16.9676
9;14;55.6149
9;15;74.0837
10;13;76.5682
10;15;-16.5693
11;13;62.7391
11;14;61.4909
12;13;28.9584
12;15;27.9613
11;26;46.157
26;15;-16.3484
6;28;-3.09342
28;14;23.9207
8;29;49.9773
29;15;1.50661
12;30;-4.59658
30;14;17.9342
3;31;31.2626
31;13;58.5346
