1;13;53.6901
1;15;51.4925
2;13;10.6228
2;14;-7.67643
2;15;28.1124
3;13;-11.561
3;14;-6.64522
3;15;33.1033
4;13;25.9365
4;14;54.1745
4;15;51.8804
5;13;32.6827
5;14;19.5316
5;15;78.9483
6;13;38.3253
6;15;51.7779
7;13;9.28856
7;14;15.8417
7;15;-18.585
8;13;30.741
8;14;26.7471
9;13;-16.9676
9;14;60.6149
9;15;72.3381
10;13;36.8379
10;14;-14.4589
10;15;-16.5693
11;13;57.4659
11;14;41.1241
11;15;-21.3484
12;13;33.9584
12;14;12.9342
12;15;-8.39059
6;26;-16.095
26;14;23.9207
8;32;-42.6394
32;15;44.7672
1;40;-1.1048
40;14;64.8
