1;13;53.6901
1;14;-19.7791
1;15;56.4925
2;13;33.703
2;14;24.3097
2;15;28.1124
3;13;-11.561
3;15;67.8
4;13;30.9365
4;15;56.8804
5;13;32.6827
5;14;19.5316
5;15;78.9483
6;13;33.3253
6;14;23.9207
6;15;46.7779
7;14;15.8417
7;15;-18.585
8;13;54.8942
8;14;29.5235
8;15;44.7672
9;13;-16.9676
9;14;60.6149
9;15;18.7466
10;13;36.8379
10;14;-14.4589
10;15;-21.5693
11;13;57.4659
11;15;-16.3484
12;13;28.9584
12;14;12.9342
12;15;22.9613
4;23;-74.26
23;14;49.1745
3;26;-10.599
7;30;-15.6371
14;7;-3.96293
11;46;17.0552
46;14;59.2311
30;56;73.7384
56;13;37.9765
26;57;-33.4249
57;14;-6.64522
