1;15;56.4925
2;13;33.703
2;14;45.6564
2;15;23.1124
3;13;-4.02673
3;15;72.8
4;13;25.9365
4;14;13.3569
4;15;51.8804
5;13;37.6827
5;14;24.5316
6;13;28.3253
6;15;-4.52762
7;13;37.9765
7;14;20.8417
7;15;-18.585
8;13;54.8942
8;14;14.5235
9;13;-16.9676
9;14;55.6149
9;15;18.7466
10;13;36.8379
10;14;-9.45894
10;15;-11.5693
11;13;67.4659
11;14;11.195
11;15;-16.3484
12;13;33.9584
12;15;71.6523
1;21;26.664
21;14;-9.77908
3;23;43.723
23;14;-6.64522
4;25;-68.6815
25;14;49.1745
1;34;-14.9589
34;13;63.6901
5;47;-36.1721
47;15;83.9483
6;49;-37.0848
49;14;23.9207
9;3;59.3725
