1;13;46.947
1;14;-19.7791
1;15;56.4925
2;13;24.256
2;14;19.3097
2;15;47.532
3;13;37.8635
3;14;32.9899
3;15;72.8
4;13;25.9365
4;14;12.5177
4;15;13.4016
5;13;32.6827
5;15;78.9483
6;13;28.3253
6;14;18.9207
6;15;21.7663
7;13;1.22687
7;14;20.8417
7;15;-12.991
8;13;54.8942
8;14;-18.6839
8;15;44.7672
9;14;2.54909
9;15;18.7466
10;13;36.8379
10;14;-14.4589
10;15;-16.5693
11;13;14.4251
11;14;56.4909
12;13;-26.3673
12;14;12.9342
12;15;27.9613
11;17;15.6407
17;15;-21.3484
9;21;-52.2781
21;13;-16.9676
0;4;-9.25922
5;41;23.2853
41;14;19.5316
