1;13;64.3753
1;15;12.612
2;13;33.703
2;14;24.6645
2;15;12.7805
3;13;-11.561
3;14;-6.64522
3;15;70.6507
4;13;7.91775
4;14;44.1745
4;15;45.9179
5;13;61.9374
5;14;43.8687
5;15;78.9483
6;13;18.0434
6;14;23.9207
6;15;51.7779
7;13;32.9765
7;14;26.7274
7;15;0.197405
8;13;54.8942
8;14;47.8878
8;15;44.7672
9;13;-16.9676
9;14;55.6149
9;15;74.0837
10;13;67.5895
10;14;-14.4589
10;15;-11.5693
11;13;52.4659
11;14;-14.799
12;13;33.9584
12;14;12.9342
12;15;42.5596
11;29;-35.1284
29;15;-21.3484
1;45;-11.5252
45;14;-19.7791
0;10;34.2016
