1;13;43.6901
1;14;-24.7791
2;13;43.703
2;14;19.3097
2;15;33.1124
3;13;-11.561
3;14;-11.6452
3;15;77.8
4;13;25.9365
4;14;49.1745
4;15;51.8804
5;13;32.6827
5;15;78.9483
6;13;38.3253
6;14;18.9207
6;15;46.7779
7;13;42.9765
7;14;20.8417
7;15;-13.585
8;13;54.8942
8;14;19.5235
8;15;44.7672
9;13;-21.9676
9;15;13.7466
10;13;41.8379
10;15;-16.5693
11;13;62.4659
11;14;54.2311
11;15;-16.3484
12;14;2.93417
12;15;27.9613
1;22;27.5765
22;15;51.4925
12;27;8.38894
27;13;33.9584
9;34;83.8967
34;14;60.6149
12;9;4.22016
5;36;-48.5245
10;40;-69.9901
40;14;-19.4589
10;8;13.8442
18;15;-15.0052
36;65;29.2513
65;14;19.5316
