1;13;48.6901
1;14;-24.7791
1;15;56.4925
2;13;33.703
2;14;24.3097
2;15;28.1124
3;13;-11.561
3;14;-1.64522
3;15;72.8
4;13;25.9365
4;14;49.1745
4;15;51.8804
5;13;32.6827
5;14;19.5316
5;15;78.9483
6;13;38.3253
6;15;56.7779
7;13;32.9765
7;14;25.8417
7;15;-18.585
8;13;54.8942
8;15;44.7672
9;13;-16.9676
9;15;18.7466
10;13;36.8379
10;15;-11.5693
11;13;57.4659
11;14;64.2311
11;15;-16.3484
12;14;12.9342
12;15;32.9613
10;18;-8.20773
18;14;-14.4589
9;20;38.4522
20;14;60.6149
12;28;-69.6278
28;13;33.9584
8;35;8.71218
35;14;24.5235
6;52;42.7901
52;14;23.9207
