1;13;53.6901
1;14;-24.7791
1;15;56.4925
2;13;33.703
2;14;19.3097
2;15;28.1124
3;13;-11.561
3;14;-1.64522
3;15;62.8
4;13;30.9365
4;15;61.8804
5;13;37.6827
5;14;24.5316
5;15;78.9483
6;13;38.3253
6;14;23.9207
6;15;51.7779
7;13;37.9765
7;15;-18.585
8;13;54.8942
8;14;24.5235
8;15;39.7672
9;13;-26.9676
9;14;60.6149
9;15;28.7466
10;13;41.8379
10;14;-14.4589
10;15;-16.5693
11;13;57.4659
11;14;54.2311
12;13;38.9584
12;15;22.9613
12;24;-59.4331
24;14;2.93417
11;26;69.2122
26;15;-11.3484
4;29;10.4161
29;14;54.1745
38;14;15.8417
7;48;54.6203
48;38;22.8817
5;16;79.7143
9;3;56.2293
