1;13;23.7638
1;14;8.1428
1;15;78.081
2;13;-9.77667
2;14;2.36564
2;15;7.03205
3;13;43.9979
3;14;-15.5271
3;15;75.9716
4;13;57.5058
4;14;24.0105
4;15;66.1265
5;13;67.9201
5;14;39.254
5;15;-5.78814
6;13;69.3372
6;14;18.6351
6;15;44.452
7;13;18.4513
7;14;20.8417
7;15;20.5267
8;13;65.8676
8;14;68.2555
8;15;61.2997
9;14;28.295
9;15;39.0407
10;13;71.0972
10;14;51.2087
10;15;44.0368
11;13;42.1823
11;14;26.0067
11;15;21.3984
12;13;-19.4157
12;14;-2.10134
12;15;48.764
4;17;-39.9573
17;15;-8.67194
12;7;-70.6856
9;22;-42.6474
22;13;57.3301
