1;13;53.6901
1;14;-19.7791
2;13;33.703
2;14;19.3097
2;15;33.1124
3;14;-6.64522
3;15;77.8
4;13;25.9365
4;14;44.1745
4;15;56.8804
5;13;27.6827
5;14;14.5316
5;15;78.9483
6;13;33.3253
6;14;23.9207
6;15;46.7779
7;14;15.8417
7;15;-28.585
8;13;54.8942
8;14;24.5235
8;15;49.7672
9;13;-21.9676
9;14;65.6149
9;15;23.7466
10;13;41.8379
10;15;-16.5693
11;13;57.4659
11;14;64.2311
11;15;-21.3484
12;13;33.9584
12;15;22.9613
18;14;7.93417
1;46;25.2703
46;15;46.4925
6;3;-21.0744
3;49;-27.4928
3;49;-16.4816
49;13;-11.561
49;13;-11.561
12;52;-1.83726
52;18;12.8749
