1;14;63.6104
1;15;56.4925
2;13;33.703
3;13;-11.561
3;14;-6.64522
3;15;48.7861
4;13;30.9365
4;14;49.1745
4;15;61.8804
5;13;32.6827
5;14;-3.01797
5;15;2.89682
6;13;33.3253
6;14;33.2846
6;15;51.7779
7;13;37.9765
7;14;20.8417
7;15;-18.585
8;13;18.2167
8;14;24.5235
8;15;53.7408
9;13;-16.9676
9;14;55.6149
9;15;18.7466
10;13;36.8379
10;14;-14.4589
10;15;-16.5693
11;13;49.7848
11;14;11.195
11;15;-16.3484
12;13;33.9584
12;14;7.93417
12;15;64.391
2;19;48.6046
19;15;23.1124
5;38;-55.3893
2;47;33.2299
47;14;4.80206
38;52;-24.149
52;15;78.9483
11;10;67.1794
1;54;9.78919
54;13;53.6901
