1;13;58.6901
1;14;-19.7791
1;15;41.4925
2;13;28.703
2;14;14.3097
2;15;28.1124
3;13;-6.56098
3;15;72.8
4;13;25.9365
4;14;49.1745
4;15;51.8804
5;13;27.6827
5;15;78.9483
6;13;33.3253
6;14;28.9207
6;15;46.7779
7;13;42.9765
7;15;-23.585
8;13;54.8942
8;14;24.5235
8;15;44.7672
9;13;-21.9676
9;15;18.7466
10;13;31.8379
10;14;-14.4589
10;15;-16.5693
11;13;57.4659
11;14;54.2311
11;15;-6.3484
12;14;17.9342
12;15;22.9613
5;25;-13.2569
25;14;19.5316
3;27;-30.8765
27;14;-6.64522
9;28;63.8064
28;14;60.6149
7;43;-6.22493
43;14;25.8417
12;46;10.3159
46;13;43.9584
