1;13;58.6901
1;14;-19.7791
1;15;56.4925
2;13;33.703
2;14;14.3097
2;15;28.1124
3;13;-16.561
3;14;-6.64522
3;15;67.8
4;13;25.9365
4;14;49.1745
4;15;56.8804
5;13;32.6827
5;15;83.9483
6;13;28.3253
6;14;28.9207
6;15;51.7779
7;13;37.9765
7;14;15.8417
7;15;-18.585
8;13;59.8942
8;14;24.5235
8;15;39.7672
9;13;-16.9676
9;15;18.7466
10;13;36.8379
10;14;-14.4589
10;15;-11.5693
11;13;57.4659
11;15;-16.3484
12;13;28.9584
12;15;22.9613
12;27;-71.8562
27;14;12.9342
9;28;67.1937
28;14;65.6149
11;30;-42.4229
30;14;59.2311
5;31;-5.97077
31;14;19.5316
