1;13;35.7561
1;14;58.0868
1;15;53.7939
2;13;43.3072
2;14;2.36564
2;15;12.0321
3;13;31.0686
3;15;52.6554
4;13;34.6107
4;14;13.3569
4;15;33.6743
5;13;1.91361
5;14;27.7551
5;15;70.8109
6;13;25.0918
6;14;54.113
6;15;64.7684
7;13;66.5535
7;14;8.28481
7;15;14.4943
8;13;39.8481
8;14;63.3243
8;15;78.1014
9;13;-1.47548
9;14;-17.1547
9;15;13.1846
10;13;57.5895
10;14;0.825689
10;15;-1.74442
11;13;77.6798
11;14;40.712
12;13;-2.72779
12;14;-14.8492
12;15;64.613
6;29;-4.73133
29;14;54.113
3;46;-44.2429
46;14;77.1466
11;53;6.56307
53;15;27.7961
11;7;7.64666
