1;15;56.4925
2;13;33.703
2;14;24.3097
2;15;28.1124
3;13;-16.561
3;14;-11.6452
3;15;72.8
4;13;25.9365
4;14;49.1745
4;15;56.8804
5;13;27.6827
5;15;78.9483
6;13;33.3253
6;14;23.9207
6;15;51.7779
7;13;37.9765
7;14;20.8417
7;15;-18.585
8;13;49.8942
8;14;29.5235
8;15;49.7672
9;13;-21.9676
9;14;60.6149
9;15;18.7466
10;13;36.8379
10;14;-14.4589
10;15;-16.5693
11;13;62.4659
11;14;59.2311
11;15;-16.3484
12;14;12.9342
12;15;22.9613
12;22;-40.2939
22;13;33.9584
9;3;-52.5782
5;25;54.6948
1;37;-52.0244
37;13;53.6901
1;39;-8.39
39;14;-19.7791
10;7;44.9366
25;57;53.9527
57;14;19.5316
