1;13;53.6901
1;14;-6.53775
1;15;61.9075
2;13;13.3138
2;14;9.14149
2;15;26.4382
3;14;12.9309
3;15;21.0011
4;13;50.6143
4;14;45.313
4;15;57.8622
5;13;74.042
5;14;19.5316
5;15;6.04969
6;13;24.3841
6;14;38.0048
6;15;28.7254
7;13;65.6468
7;14;56.5294
7;15;36.106
8;13;60.8676
8;14;63.7986
8;15;72.397
9;13;3.44413
9;14;59.5231
9;15;53.4219
10;13;71.0972
10;14;-16.5589
10;15;1.5825
11;13;62.4659
11;14;52.5771
11;15;8.54351
12;13;56.2871
12;14;-18.2002
12;15;71.893
10;16;10.5063
16;14;16.7118
3;29;26.4347
29;13;44.652
8;41;-70.103
41;14;46.6557
5;0;21.2453
