1;13;42.5964
1;14;73.1835
1;15;78.081
2;13;52.0952
2;14;8.42934
2;15;53.8534
3;13;43.9979
3;14;10.4049
3;15;58.2262
4;13;-3.40258
4;14;0.0352364
4;15;20.1188
5;13;11.5658
5;14;23.4009
5;15;2.89682
6;13;69.3372
6;14;15.036
6;15;48.667
7;14;38.864
7;15;45.7304
8;13;18.2167
8;14;10.5408
8;15;53.7408
9;13;6.04449
9;14;61.4767
9;15;35.2316
10;13;71.9591
10;14;28.2491
10;15;1.5825
11;13;44.7848
11;14;72.0128
12;13;-24.3995
12;14;44.1081
12;15;23.1953
7;23;32.1501
23;13;75.6468
11;39;11.0658
39;15;-5.234
