1;13;65.9479
1;14;-9.44237
1;15;0.0210323
2;14;-12.6764
2;15;48.8534
3;13;43.9979
3;15;33.1033
4;13;74.2228
4;14;24.0105
4;15;68.0075
5;14;78.6349
5;15;-15.6085
6;13;54.7803
6;14;10.8247
6;15;28.7254
7;13;62.3271
7;14;20.8417
7;15;77.9434
8;13;54.3811
8;14;23.956
8;15;72.397
9;13;58.5932
9;14;29.7259
9;15;72.3381
10;13;66.7197
10;14;73.8949
10;15;1.5825
11;13;82.6798
11;14;25.5442
11;15;-5.234
12;13;2.9137
12;14;50.062
12;15;22.9613
2;16;66.1478
16;13;5.62279
5;33;-37.7673
33;13;49.7809
12;7;15.6139
3;46;53.4224
46;14;8.77364
