1;14;63.6104
1;15;10.8157
2;13;53.2654
2;15;76.7405
3;13;-9.02673
3;14;47.4605
3;15;48.7861
4;13;-3.40258
4;14;24.0105
4;15;-12.1768
5;13;67.9201
5;14;23.4009
5;15;8.0996
6;13;74.3372
6;14;15.036
6;15;48.667
7;13;35.5398
7;14;-13.5421
7;15;89.9994
8;13;65.8676
8;14;23.956
8;15;72.397
9;13;6.04449
9;14;44.9659
9;15;67.054
10;13;71.0972
10;14;28.2491
10;15;1.5825
11;13;39.3892
11;14;72.0128
11;15;-3.68685
12;13;68.1062
12;14;71.3027
12;15;61.9695
2;16;-57.3016
16;14;8.42934
1;41;19.3046
41;13;42.5964
