1;13;56.2679
1;14;12.6097
1;15;53.7939
2;13;25.2576
2;14;-5.17697
2;15;72.5379
3;13;-5.71112
3;14;67.0053
3;15;10.4295
4;13;55.6143
4;14;27.021
4;15;-17.1768
5;13;0.725668
5;14;42.8702
5;15;29.3831
6;13;13.9071
6;14;29.5784
6;15;21.7663
7;13;9.28856
7;14;18.5282
7;15;36.106
8;13;-7.03366
8;14;-2.58643
8;15;-8.04159
9;13;46.688
9;14;33.0552
9;15;71.7395
10;13;42.788
10;14;68.8949
10;15;34.1743
11;13;69.7055
11;14;26.0067
11;15;3.54351
12;13;21.7174
12;14;50.062
12;15;74.6811
10;11;65.2933
4;22;-78.2365
22;14;-4.47981
