1;13;48.6901
1;14;4.00624
1;15;56.4925
2;13;65.8617
2;14;19.3097
2;15;33.1124
3;13;-11.561
3;14;-11.6452
4;13;25.9365
4;14;54.1745
4;15;56.8804
5;13;32.6827
5;14;19.5316
5;15;78.9483
6;13;38.3253
6;14;23.9207
6;15;51.7779
7;13;23.4513
7;14;20.8417
7;15;-18.585
8;13;-0.650732
8;14;24.5235
8;15;39.7672
9;13;-16.9676
9;14;60.6149
9;15;13.1846
10;13;38.2514
10;14;-14.4589
10;15;-16.5693
11;13;57.4659
11;14;59.2311
11;15;-16.3484
12;13;33.9584
12;14;71.3027
12;15;71.6523
3;16;46.9488
16;15;72.8
12;1;-53.5947
2;11;-6.93936
0;10;-5.12386
11;2;9.67646
