1;13;53.6901
1;14;-19.7791
1;15;56.4925
2;13;38.703
2;14;14.3097
2;15;33.1124
3;13;-11.561
3;14;-6.64522
3;15;72.8
4;13;25.9365
4;14;44.1745
4;15;56.8804
5;13;32.6827
5;14;19.5316
6;13;38.3253
6;14;23.9207
6;15;46.7779
7;13;37.9765
7;14;20.8417
7;15;-18.585
8;13;59.8942
8;14;24.5235
8;15;49.7672
9;13;-21.9676
9;15;18.7466
10;13;36.8379
10;14;-19.4589
10;15;-16.5693
11;13;62.4659
11;14;54.2311
11;15;-16.3484
12;14;12.9342
12;15;22.9613
9;4;-60.2394
9;21;41.8455
21;14;60.6149
12;27;4.50405
27;13;33.9584
5;37;59.8172
37;15;78.9483
