1;13;49.337
1;14;7.60968
1;15;7.61199
2;13;62.1842
2;14;15.6162
2;15;23.0193
3;14;22.6412
3;15;70.6507
4;13;55.6143
4;14;-14.8315
4;15;79.2352
5;13;56.9374
5;14;-8.70888
5;15;16.2115
6;13;13.9071
6;14;-4.1413
6;15;20.9247
7;13;53.0677
7;14;65.3784
7;15;61.7747
8;13;-9.75571
8;14;7.30647
8;15;-0.966201
9;13;22.6555
9;14;54.6635
9;15;40.0405
10;13;66.7694
10;14;-9.07666
10;15;6.45525
11;13;36.8076
11;14;52.5771
11;15;-2.10483
12;13;23.715
12;15;84.6811
9;19;-70.2494
19;15;40.0405
11;21;-4.06685
21;15;44.0649
12;32;38.8669
32;14;34.7613
1;40;-42.8244
40;15;18.636
9;45;-6.52012
45;14;54.6635
3;11;-50.7999
9;6;-43.4238
16;15;8.08542
