1;13;58.6901
1;14;-19.7791
1;15;56.4925
2;13;33.703
2;14;5.64885
2;15;47.532
3;13;-11.561
3;14;47.6628
3;15;58.8231
4;13;25.9365
4;14;44.1745
4;15;40.9179
5;13;36.3617
5;14;19.5316
5;15;83.9483
6;13;33.3253
6;14;28.9207
6;15;21.7663
7;13;37.9765
7;14;20.8417
8;13;54.8942
8;14;24.5235
8;15;1.50661
9;13;-16.9676
9;14;-9.66098
9;15;23.6585
10;13;62.5895
10;14;-14.4589
10;15;28.845
11;13;57.4659
11;15;-16.3484
12;13;-15.1174
12;14;59.5005
12;15;42.5596
2;0;16.9517
11;21;-49.8349
21;14;59.2311
7;31;5.26055
31;43;-62.2694
43;53;35.5513
53;15;-23.585
