1;13;59.3753
1;14;-2.76742
1;15;51.4925
2;13;59.2995
2;14;19.6645
2;15;28.1124
3;13;58.5346
3;14;8.22838
3;15;70.6507
4;13;7.91775
4;14;-18.4301
4;15;56.8804
5;13;61.9374
5;14;2.75519
5;15;16.2115
6;13;18.0434
6;14;-3.91756
6;15;30.5339
7;13;30.0019
7;14;44.8545
7;15;5.1974
8;13;54.8942
8;14;29.5235
8;15;44.7672
9;13;-16.9676
9;14;60.6149
9;15;74.0837
10;13;62.5895
10;14;5.82569
10;15;-11.5693
11;13;57.4659
11;14;-0.929077
11;15;-2.10483
12;13;-15.1174
12;14;61.3904
12;15;42.5596
0;5;1.0617
10;5;58.4616
