1;13;-2.37893
1;14;4.00624
1;15;59.7798
2;13;48.2654
2;14;-8.08887
2;15;38.9637
3;13;37.8635
3;14;32.9899
3;15;58.2262
4;13;-6.50976
4;14;10.4285
4;15;68.8723
5;13;32.6827
5;14;-3.01797
5;15;40.9729
6;13;32.5747
6;14;37.3319
6;15;39.6196
7;13;35.5398
7;14;62.9808
7;15;-12.991
8;13;-10.1163
8;14;10.5408
8;15;-7.45315
9;13;-16.9676
9;14;-14.5942
9;15;18.7466
10;13;71.9591
10;14;15.7193
10;15;-16.5693
11;13;49.7848
11;14;61.4909
11;15;-3.68685
12;13;-19.3995
12;14;12.9342
12;15;57.8257
8;5;-7.61998
