1;13;56.2679
1;14;12.6097
1;15;66.5679
2;13;59.844
2;14;63.2225
2;15;55.0421
3;14;12.9309
3;15;21.0011
4;13;0.297697
4;14;-8.18736
5;13;11.5658
5;14;37.8702
5;15;29.3831
6;13;18.0434
6;14;-3.91756
6;15;51.7297
7;13;-5.83974
7;14;40.6969
7;15;36.106
8;13;-9.75571
8;14;41.4227
8;15;73.1014
9;13;-4.33209
9;14;10.0944
9;15;77.538
10;13;62.5895
10;14;29.5963
10;15;-3.41182
11;13;31.2932
11;14;63.9112
11;15;41.264
12;13;-15.1174
12;14;33.296
12;15;74.6811
3;18;19.9062
18;15;79.9241
8;7;-33.6136
3;30;8.4849
30;13;4.28888
4;47;-61.2047
47;15;79.2352
