1;13;58.6901
2;13;38.703
2;14;19.3097
2;15;23.1124
3;15;67.8
4;13;30.9365
4;14;44.1745
4;15;61.8804
5;13;32.6827
5;14;19.5316
5;15;73.9483
6;13;38.3253
6;15;51.7779
7;13;32.9765
7;15;-18.585
8;13;54.8942
8;14;19.5235
8;15;44.7672
9;13;-16.9676
9;14;65.6149
9;15;13.7466
10;13;31.8379
10;14;-14.4589
10;15;-16.5693
11;13;57.4659
11;14;59.2311
11;15;-16.3484
12;13;-19.4157
12;14;17.9342
12;15;37.9613
1;21;13.1497
21;15;51.4925
8;35;-24.8129
35;13;54.8942
2;45;40.3148
45;14;6.91549
1;50;66.8204
50;14;-14.7791
7;52;35.0408
52;14;20.8417
0;13;30.7873
