1;13;53.6901
1;14;-24.7791
2;13;33.703
2;14;19.3097
2;15;28.1124
3;13;-16.561
3;14;-6.64522
3;15;72.8
4;13;25.9365
4;15;56.8804
5;13;32.6827
5;14;24.5316
5;15;78.9483
6;13;33.3253
6;14;23.9207
6;15;51.7779
7;13;37.9765
7;14;20.8417
8;13;54.8942
8;15;44.7672
9;13;-16.9676
9;15;18.7466
10;13;36.8379
10;14;-14.4589
10;15;-16.5693
11;13;62.4659
11;14;59.2311
11;15;-16.3484
12;13;33.9584
12;14;12.9342
12;15;17.9613
9;17;15.5831
17;14;60.6149
8;21;-46.0021
21;14;19.5235
7;22;27.5641
22;15;-23.585
1;26;20.303
26;15;56.4925
9;3;-54.4052
4;52;-10.2092
52;14;54.1745
16;3;13.9249
