1;13;23.7638
1;14;4.00624
1;15;73.081
2;13;52.0952
2;14;-12.6764
2;15;76.7405
3;13;43.9458
3;15;-10.652
4;13;-6.50976
4;14;32.021
4;15;-12.1768
5;13;-13.0094
5;15;2.89682
6;13;61.9677
6;15;53.667
7;13;-14.8061
7;14;-4.21929
7;15;62.0146
8;13;0.432861
8;14;68.9956
8;15;-12.1742
9;13;-0.901644
9;15;48.4219
10;13;71.0972
10;14;-19.5838
10;15;6.5825
11;13;80.0252
11;14;-1.96277
11;15;-3.68685
12;13;14.169
12;14;71.3027
12;15;56.9695
9;17;67.394
17;14;-19.5942
3;25;22.2375
25;14;60.9735
6;32;57.4466
32;14;37.3319
5;34;-74.0296
34;14;13.0337
12;2;22.3409
