1;13;58.6901
1;14;-14.7791
2;13;33.703
2;15;28.1124
3;13;-16.561
3;14;-6.64522
3;15;72.8
4;13;25.9365
4;14;49.1745
4;15;56.8804
5;13;32.6827
5;14;19.5316
5;15;78.9483
6;13;33.3253
6;14;23.9207
6;15;51.7779
7;13;32.9765
7;14;20.8417
8;13;49.8942
8;14;24.5235
8;15;44.7672
9;13;-11.9676
9;14;60.6149
9;15;18.7466
10;13;36.8379
10;15;-16.5693
11;13;57.4659
11;14;54.2311
11;15;-16.3484
12;13;33.9584
12;14;12.9342
12;15;22.9613
10;25;3.3197
25;14;-19.4589
2;37;31.0553
37;14;19.3097
7;41;7.80872
41;15;-18.585
1;48;-54.3063
48;15;56.4925
9;4;41.7978
