1;13;58.6901
1;14;-24.7791
1;15;61.4925
2;13;24.256
2;14;19.3097
2;15;-0.0997276
3;13;-11.561
3;14;-6.64522
3;15;47.6554
4;13;20.9365
4;14;10.4285
4;15;56.8804
5;13;32.6827
5;14;14.5316
5;15;78.9483
6;13;33.3253
6;15;72.3692
7;14;62.9808
7;15;-18.585
8;13;49.8942
8;14;18.956
8;15;44.7672
9;13;-21.9676
9;14;44.9659
9;15;23.7466
10;13;71.0972
10;14;28.2491
10;15;-16.5693
11;13;49.7848
11;14;67.0128
11;15;-16.3484
12;13;33.9584
12;15;57.8257
7;28;34.5178
28;13;37.9765
12;32;-51.6441
32;14;17.9342
7;39;-33.7768
39;14;20.8417
6;50;9.98026
50;14;54.7231
1;52;13.4827
52;14;-29.7791
17;8;55.2007
18;7;24.491
