1;13;53.6901
1;14;-19.7791
1;15;56.4925
2;13;33.703
2;14;19.3097
2;15;28.1124
3;13;-16.561
3;14;-6.64522
3;15;67.8
4;13;25.9365
4;15;56.8804
5;13;32.6827
5;15;73.9483
6;13;33.3253
6;14;28.9207
6;15;56.7779
7;13;37.9765
7;14;15.8417
7;15;-13.585
8;13;54.8942
8;14;24.5235
8;15;44.7672
9;13;-16.9676
9;14;60.6149
9;15;23.7466
10;13;36.8379
10;15;-16.5693
11;13;57.4659
11;14;59.2311
11;15;-16.3484
12;13;28.9584
12;14;12.9342
12;15;22.9613
10;21;62.1301
21;14;-14.4589
4;30;68.2587
30;14;54.1745
1;33;-14.3267
33;5;-16.7551
3;7;7.53248
5;45;-10.0318
45;14;24.5316
