1;13;59.3753
1;14;63.6104
1;15;10.8157
2;13;2.10094
2;14;-0.197941
2;15;41.2442
3;13;-9.02673
3;14;47.6628
3;15;70.6507
4;13;51.9462
4;14;0.0352364
4;15;40.9179
5;13;61.9374
5;14;23.4009
5;15;-1.9004
6;13;18.0434
6;14;33.2846
6;15;-4.52762
7;14;-18.5421
7;15;18.0215
8;13;77.0693
8;14;47.8878
8;15;1.50661
9;13;6.04449
9;14;74.4697
9;15;74.0837
10;13;62.5895
10;14;48.5986
10;15;28.845
11;13;62.2706
11;14;11.195
11;15;-2.10483
12;13;-19.3995
12;15;64.391
2;16;5.50765
12;27;54.3768
27;14;64.5005
15;14;-6.94312
16;45;29.7443
45;15;12.7805
