1;13;48.6901
1;14;-19.7791
1;15;61.4925
2;13;38.703
2;14;14.3097
2;15;28.1124
3;13;-11.561
3;14;-1.64522
3;15;72.8
4;13;25.9365
4;15;56.8804
5;14;19.5316
5;15;78.9483
6;13;28.3253
6;14;28.9207
6;15;51.7779
7;13;37.9765
7;15;-18.585
8;13;54.8942
8;14;24.5235
8;15;44.7672
9;13;-16.9676
9;14;60.6149
9;15;18.7466
10;13;36.8379
10;15;-16.5693
11;13;57.4659
11;14;54.2311
11;15;-16.3484
12;14;7.93417
12;15;27.9613
4;19;5.0328
19;14;49.1745
7;30;-44.0879
30;14;20.8417
10;32;74.6975
32;14;-9.45894
39;13;32.6827
5;48;-34.3876
48;39;-39.8724
12;49;19.401
49;13;33.9584
