1;13;53.6901
1;14;-1.53775
1;15;56.4925
2;15;28.1124
3;13;43.9979
3;14;-6.64522
3;15;67.8
4;13;25.9365
4;14;-8.70357
4;15;56.8804
5;13;27.6827
5;14;-11.2356
5;15;2.89682
6;13;67.7384
6;14;23.9207
6;15;51.7779
7;13;37.9765
7;14;20.8417
7;15;-18.585
8;13;75.6111
8;14;24.5235
8;15;44.7672
9;13;-16.9676
9;14;60.6149
9;15;23.7466
10;13;31.8379
10;14;-9.45894
10;15;-16.5693
11;13;57.4659
11;14;17.8799
12;14;12.9342
12;15;71.893
2;24;3.0576
24;13;60.8617
11;30;71.11
30;15;-1.1799
4;10;14.655
2;36;41.6634
36;14;19.3097
12;41;-33.4722
41;13;28.9584
