1;13;-23.8319
1;14;63.0683
1;15;66.5679
2;13;52.0952
2;14;51.8666
2;15;53.8534
3;13;37.5694
3;14;13.2284
3;15;61.8206
4;13;-12.7914
4;14;-16.1735
4;15;31.4936
5;13;62.9201
5;14;13.0337
6;13;66.0784
6;14;34.5784
6;15;48.667
7;13;75.6468
7;14;70.9512
7;15;71.5221
8;13;65.8676
8;14;-2.58643
8;15;77.397
9;13;4.71679
9;14;48.4677
9;15;48.4219
10;13;71.0972
10;14;-13.7326
10;15;-15.2817
11;13;36.7391
11;14;-0.929077
11;15;30.1835
12;13;-9.04754
12;15;23.1953
12;30;-14.5352
30;14;61.3904
12;9;-51.2481
5;38;-33.6251
38;15;25.2681
