1;13;43.6901
1;14;68.0683
1;15;39.2076
2;13;24.256
2;14;19.3097
2;15;28.1124
3;13;-11.561
3;14;-6.64522
3;15;63.6828
4;13;16.1917
4;14;32.021
4;15;13.4972
5;13;62.9201
5;14;3.03371
6;13;33.3253
6;14;-4.877
6;15;-12.7455
7;13;73.5852
7;14;54.9787
7;15;79.9994
8;13;8.82695
8;14;24.5235
8;15;44.7672
9;13;-16.9676
9;14;60.6149
9;15;38.357
10;13;71.0972
10;14;-19.5838
10;15;-6.56932
11;13;14.4251
11;14;49.2311
11;15;72.7866
12;13;-6.82979
12;14;12.9342
12;15;57.8257
8;16;37.6553
16;56;7.24572
56;13;26.1949
