1;13;54.3753
1;14;49.0502
1;15;66.5434
2;13;38.703
2;14;23.8562
2;15;12.7805
3;13;52.3975
3;14;79.8911
3;15;70.6507
4;13;-3.40258
4;14;13.3569
4;15;36.0872
5;13;48.7906
5;14;19.5316
5;15;78.9483
6;13;26.6169
6;14;18.9207
6;15;35.5339
7;13;32.9765
7;14;-19.6769
7;15;57.7828
8;13;-12.0337
8;14;-18.6839
8;15;5.75854
9;13;-16.9676
9;15;37.3745
10;13;62.5895
10;15;28.845
11;13;67.4659
11;14;72.0128
11;15;-7.10483
12;13;-15.1174
12;15;47.5596
4;20;22.6096
20;14;-13.4301
8;26;69.3055
26;14;47.8878
9;27;-58.0392
27;13;56.1612
10;32;-34.8746
32;14;36.0785
4;35;61.2481
35;15;56.8804
7;39;17.2816
39;14;26.7274
9;40;-19.8253
40;14;28.0552
