1;13;48.6901
1;14;-19.7791
1;15;56.4925
2;13;33.703
2;14;24.3097
2;15;23.1124
3;13;-11.561
3;14;-6.64522
3;15;72.8
4;13;35.9365
4;14;44.1745
4;15;56.8804
5;13;32.6827
5;14;19.5316
5;15;83.9483
6;13;38.3253
6;14;23.9207
7;13;37.9765
7;14;20.8417
7;15;-23.585
8;13;54.8942
8;14;19.5235
8;15;39.7672
9;13;-6.9676
9;14;60.6149
9;15;18.7466
10;13;41.8379
10;14;-24.4589
10;15;-21.5693
11;13;57.4659
11;14;54.2311
11;15;-26.3484
12;13;43.9584
12;14;12.9342
12;15;17.9613
6;17;-11.8099
17;15;46.7779
7;12;-50.0215
9;5;-73.9027
3;6;-71.6075
