1;13;-19.7172
1;14;19.4383
1;15;-15.2258
2;13;19.4388
2;14;37.8613
2;15;32.8885
3;13;47.5694
3;14;43.8654
3;15;7.77747
4;13;55.6143
4;14;-16.1735
4;15;71.1265
5;13;62.9201
5;14;31.3401
5;15;75.223
6;13;23.8924
6;15;26.125
7;13;65.6826
7;14;46.1906
7;15;66.7747
8;13;27.4063
8;14;9.24318
8;15;-4.52895
9;13;-4.33209
9;14;20.0944
9;15;25.6514
10;13;71.0972
10;14;54.9443
10;15;1.82569
11;13;32.7075
11;14;-2.2867
11;15;-11.8735
12;14;6.86843
12;15;39.6191
6;31;-72.8495
31;14;26.5835
12;50;38.5081
50;13;-19.4157
