1;13;48.6901
2;13;28.703
2;14;19.3097
2;15;23.1124
3;13;-16.561
3;14;8.35478
3;15;67.8
4;13;30.9365
4;14;49.1745
4;15;56.8804
5;13;27.6827
5;15;73.9483
6;13;48.3253
6;14;23.9207
6;15;51.7779
7;13;32.9765
7;14;15.8417
7;15;-18.585
8;13;44.8942
8;14;19.5235
8;15;44.7672
9;13;-16.9676
9;15;23.7466
10;13;36.8379
10;14;-14.4589
10;15;-16.5693
11;13;57.4659
11;14;59.2311
11;15;-16.3484
12;13;23.9584
12;15;22.9613
12;17;-43.9246
17;15;27.9613
1;20;14.8848
20;15;46.4925
12;24;77.1227
24;14;17.9342
5;25;67.9823
25;14;19.5316
9;43;18.2352
43;14;60.6149
5;10;11.4305
2;18;-70.1062
3;10;-11.5159
