1;13;1.06916
1;15;66.5434
2;13;10.7458
2;14;4.4327
2;15;-0.0997276
3;13;52.936
3;14;8.71895
3;15;47.6554
4;13;61.8128
4;14;54.8678
4;15;0.357805
5;13;52.1822
5;14;-7.24481
5;15;49.8713
6;13;56.0475
6;14;68.4318
6;15;72.3692
7;14;67.0686
7;15;-18.3699
8;13;23.2873
8;14;-1.88388
8;15;-12.9443
9;13;19.3746
9;14;59.5231
9;15;43.9009
10;13;76.5682
10;14;-26.4986
10;15;-16.2068
11;13;68.2204
11;14;16.6028
11;15;18.0712
12;13;54.7638
12;14;44.0113
12;15;71.6523
10;16;57.2378
16;14;-16.4986
11;43;-7.87155
43;14;16.6028
6;46;-75.9177
46;14;-29.0927
7;49;-37.0507
49;13;48.4445
