1;13;53.6901
1;14;58.0868
1;15;56.4925
2;13;33.703
2;14;-8.08887
2;15;28.1124
3;13;-11.561
3;14;-6.64522
3;15;72.8
4;13;16.1917
4;14;10.4285
4;15;68.8723
5;13;32.6827
5;14;19.5316
5;15;40.9729
6;13;32.5747
6;14;23.9207
6;15;51.7779
7;13;37.9765
7;14;20.8417
7;15;-18.585
8;13;-10.1163
8;14;72.3728
8;15;-3.03505
9;13;28.1733
9;14;60.6149
9;15;18.7466
10;13;36.8379
10;14;15.7193
10;15;67.8278
11;13;57.4659
11;14;59.2311
11;15;-16.3484
12;13;33.9584
12;14;12.9342
12;15;22.9613
1;13;43.6901
1;14;-19.7791
1;15;56.4925
2;13;33.703
2;14;19.3097
2;15;23.1124
3;13;-11.561
3;14;-11.6452
3;15;72.8
4;13;25.9365
4;14;44.1745
4;15;51.8804
5;13;32.6827
5;14;19.5316
5;15;78.9483
6;13;33.3253
6;14;23.9207
6;15;51.7779
7;13;32.9765
7;14;20.8417
7;15;-18.585
8;13;59.8942
8;14;24.5235
8;15;44.7672
9;13;-16.9676
9;14;55.6149
9;15;18.7466
10;13;36.8379
10;14;-14.4589
10;15;-21.5693
11;13;57.4659
11;14;64.2311
11;15;-16.3484
12;14;12.9342
12;15;22.9613
12;16;17.4387
16;13;33.9584
