1;13;53.6901
1;14;-24.7791
1;15;56.4925
2;13;33.703
2;15;23.1124
3;13;-11.561
3;14;-6.64522
3;15;72.0914
4;13;55.6143
4;15;56.8804
5;13;32.6827
5;14;14.5316
5;15;58.3282
6;13;38.3253
6;14;-4.1413
6;15;46.7779
7;13;42.9765
7;14;15.8417
7;15;-28.585
8;13;59.8942
8;14;29.5235
8;15;49.7672
9;13;-16.9676
9;14;60.6149
9;15;23.7466
10;13;41.8379
10;14;-19.4589
10;15;-11.5693
11;13;39.9707
11;14;54.2311
11;15;-16.3484
12;13;38.9584
12;14;7.93417
12;15;61.9695
22;14;49.1745
2;23;-27.544
23;14;14.3097
11;10;75.2655
1;4;20.2325
10;11;69.0309
9;3;14.457
1;11;65.1528
4;63;8.03637
63;22;45.7022
12;9;-72.8368
6;67;18.2695
67;69;-7.38061
69;10;15.1694
