1;13;42.5964
1;15;61.9075
2;13;2.10094
2;14;-8.08887
2;15;36.2442
3;13;47.5694
3;14;27.9899
3;15;60.0775
4;13;51.9462
4;15;5.72655
5;13;27.6585
5;14;-3.01797
5;15;6.04969
6;13;18.5748
6;14;48.6125
6;15;14.9562
7;13;53.0677
7;14;62.7615
7;15;18.0215
8;13;75.6111
8;14;49.2488
8;15;-1.23068
9;14;44.9659
9;15;77.6769
10;13;71.9591
10;14;48.5986
10;15;60.9785
11;13;62.7391
11;14;17.8799
11;15;-13.2392
12;13;13.715
12;14;-18.2002
12;15;59.391
1;16;5.34174
16;14;63.0868
4;27;58.2528
27;14;0.0352364
9;30;78.5348
30;13;6.04449
1;0;-30.0735
