1;13;14.7116
1;14;58.0868
2;13;24.256
2;14;-8.08887
2;15;38.9637
3;13;52.3975
3;14;32.9899
3;15;72.8
4;13;25.9365
4;14;10.4285
4;15;5.72655
5;13;32.6827
5;15;78.9483
6;13;27.5747
6;15;51.7779
7;13;32.9765
7;14;20.8417
7;15;-12.991
8;13;24.9105
8;15;-5.46269
9;13;-16.9676
9;14;2.54909
9;15;62.6769
10;13;9.08287
10;14;-14.4589
10;15;-11.5693
11;13;57.4659
11;14;59.2311
11;15;-16.3484
12;14;12.9342
12;15;22.9613
5;19;37.1743
19;14;24.5316
1;22;27.5641
22;14;-19.7791
3;8;17.1278
26;14;23.9207
2;27;8.59224
27;14;58.0729
6;36;-39.0386
36;26;7.67186
