1;13;53.6901
1;14;-19.7791
1;15;51.4925
2;13;38.703
2;14;19.3097
2;15;28.1124
3;13;-16.561
3;15;72.8
4;13;25.9365
4;14;49.1745
4;15;56.8804
5;13;32.6827
5;14;24.5316
5;15;83.9483
6;13;28.3253
6;14;18.9207
6;15;51.7779
7;13;32.9765
7;15;-18.585
8;13;59.8942
8;14;24.5235
8;15;44.7672
9;13;-16.9676
9;15;18.7466
10;13;36.8379
10;15;-16.5693
11;13;57.4659
11;14;59.2311
11;15;-16.3484
12;13;33.9584
12;14;17.9342
12;15;22.9613
10;35;17.4988
35;14;-19.4589
38;14;20.8417
3;40;44.2501
40;14;-6.64522
9;50;26.6613
50;14;60.6149
7;64;25.3154
64;38;5.73434
