1;13;48.6901
1;14;-19.7791
1;15;51.4925
2;13;33.703
2;15;33.1124
3;13;-11.561
3;14;-1.64522
3;15;77.8
4;13;30.9365
4;14;49.1745
4;15;56.8804
5;13;32.6827
5;14;29.5316
5;15;78.9483
6;13;38.3253
6;14;23.9207
6;15;51.7779
7;13;37.9765
7;14;20.8417
7;15;-18.585
8;13;54.8942
8;15;44.7672
9;13;-16.9676
9;14;60.6149
9;15;18.7466
10;13;36.8379
10;15;-16.5693
11;13;57.4659
11;14;64.2311
11;15;-21.3484
12;13;33.9584
12;15;22.9613
2;16;-6.8035
16;14;19.3097
10;17;44.6718
17;14;-14.4589
8;24;-0.47216
24;14;24.5235
12;38;-47.7947
38;14;17.9342
