1;13;59.3753
1;14;-14.7791
1;15;7.61199
2;13;33.703
2;14;19.3097
2;15;28.1124
3;13;58.5346
3;14;47.6628
4;13;7.91775
4;14;-18.4301
4;15;56.8804
5;13;32.6827
5;15;78.9483
6;13;33.3253
6;14;23.9207
6;15;56.7779
7;13;37.9765
7;14;26.7274
7;15;-18.585
8;13;54.8942
8;14;24.5235
8;15;44.7672
9;13;3.52452
9;15;69.0837
10;13;62.5895
10;14;-14.4589
10;15;-16.5693
11;13;57.4659
11;14;-14.799
11;15;-2.10483
12;13;-15.1174
12;14;64.5005
12;15;42.5596
5;16;27.6707
16;14;48.8687
9;25;73.6508
25;14;60.6149
3;28;3.72686
28;15;72.8
