1;13;1.06916
1;14;40.6542
1;15;32.0118
2;13;33.703
2;14;17.3556
2;15;47.532
3;13;44.652
3;14;58.4295
3;15;72.8
4;13;30.9365
4;14;13.3569
4;15;24.8322
5;13;54.7809
5;14;4.26258
5;15;73.9483
6;13;54.7803
6;14;-1.18863
6;15;51.7779
7;14;20.8417
7;15;-23.585
8;13;19.3928
8;14;24.5235
8;15;44.7672
9;13;-16.9676
9;14;59.5231
9;15;43.9009
10;13;76.5682
10;14;36.0785
10;15;4.48583
11;13;68.2204
11;14;41.1241
11;15;-16.3484
12;13;16.0105
12;14;-8.77946
12;15;22.9613
1;22;-17.3267
22;15;66.5434
12;27;-52.025
27;35;30.185
35;13;33.9584
7;36;-79.3901
36;13;1.22687
7;10;10.0245
