1;13;53.6901
1;14;24.4097
1;15;56.4925
2;13;33.703
2;14;19.3097
2;15;28.1124
3;13;-11.561
3;14;-6.64522
3;15;72.8
4;13;55.6995
4;14;-10.568
4;15;56.8804
5;13;67.9013
5;14;19.5316
5;15;78.9483
6;13;33.3253
6;14;23.9207
6;15;51.7779
7;13;23.899
8;13;53.6187
8;14;71.0587
8;15;44.7672
9;14;43.5246
9;15;44.6952
10;13;46.8379
10;14;-14.4589
10;15;-16.5693
11;13;77.4499
11;14;-0.446192
11;15;11.3187
12;15;1.31222
12;27;-4.92923
27;13;33.766
12;32;-10.144
32;14;-0.575373
7;37;-18.0117
37;14;9.22074
7;42;-10.8931
42;15;-18.585
9;45;19.782
45;13;30.8369
