1;15;10.8157
2;13;2.10094
2;14;-10.1979
2;15;41.2442
3;13;-14.0267
3;14;52.4605
3;15;58.2262
4;13;56.9462
4;15;68.0075
5;13;62.9201
5;14;23.4009
5;15;8.0996
6;13;18.5748
6;14;10.036
6;15;48.667
7;13;40.5398
7;14;-8.54206
7;15;45.7304
8;13;70.8676
8;14;18.956
8;15;72.397
9;13;11.0445
9;14;56.4767
9;15;58.4219
10;13;71.9591
10;14;33.2491
10;15;1.5825
11;13;54.7848
11;14;11.195
11;15;9.766
12;13;-9.39952
12;14;39.1081
12;15;64.391
11;22;-35.6405
22;14;16.195
10;5;-63.2913
1;34;26.425
34;14;68.1835
4;37;65.6116
37;14;34.0105
1;42;-14.7105
42;13;28.7638
8;49;-54.9749
49;15;72.397
13;16;-15.9604
