1;13;53.6901
1;14;-19.7791
1;15;56.4925
2;13;33.703
2;14;19.3097
2;15;28.1124
3;14;-11.6452
3;15;67.8
4;13;25.9365
4;14;49.1745
4;15;56.8804
5;13;32.6827
5;14;19.5316
5;15;78.9483
6;13;33.3253
6;14;23.9207
6;15;51.7779
7;13;37.9765
7;15;-18.585
8;13;54.8942
8;14;24.5235
8;15;49.7672
9;13;-16.9676
9;15;23.7466
10;13;36.8379
10;15;-16.5693
11;13;57.4659
11;14;59.2311
11;15;-16.3484
12;13;38.9584
12;14;17.9342
12;15;22.9613
11;2;-68.1086
10;24;40.3778
24;14;-14.4589
9;5;14.9663
3;31;42.1743
31;13;-11.561
9;44;59.7336
44;14;65.6149
7;53;8.5155
53;14;20.8417
11;10;70.4223
6;17;-51.0814
