1;13;53.6901
1;14;-19.7791
2;13;28.703
2;14;19.3097
2;15;38.9637
3;13;-16.561
3;14;-6.64522
3;15;72.8
4;13;-6.50976
4;14;-8.70357
4;15;61.8804
5;13;32.6827
5;14;14.5316
5;15;32.1261
6;13;28.3253
6;14;23.9207
6;15;51.7779
7;13;40.1427
7;14;20.8417
7;15;48.3098
8;13;39.3211
8;14;46.6557
8;15;-5.9662
9;13;-26.9676
9;14;73.8963
9;15;32.3745
10;13;41.8379
10;14;-9.07666
10;15;-16.5693
11;13;34.3892
11;14;13.1479
11;15;-16.3484
12;13;54.7638
12;14;6.86843
12;15;11.6867
11;3;54.0741
1;17;-52.6946
17;15;56.4925
3;12;-31.05
3;2;75.107
3;4;6.6577
