1;13;53.6901
1;14;-19.7791
1;15;56.4925
2;13;28.703
2;14;19.3097
2;15;28.1124
3;13;-11.561
3;14;-6.64522
3;15;72.8
4;13;25.9365
4;14;54.1745
4;15;61.8804
5;13;32.6827
5;14;19.5316
5;15;83.9483
6;13;33.3253
6;14;23.9207
6;15;51.7779
7;13;37.9765
7;14;20.8417
7;15;-18.585
8;13;54.8942
8;14;24.5235
8;15;44.7672
9;15;18.7466
10;13;36.8379
11;13;57.4659
11;14;54.2311
12;13;33.9584
12;14;12.9342
12;15;22.9613
10;16;59.5873
16;15;-16.5693
9;26;-39.2081
26;14;55.6149
10;33;-58.5222
33;14;-14.4589
10;8;-38.9374
9;41;-13.8307
41;13;-11.9676
16;0;15.743
11;58;-18.8762
58;15;-21.3484
