1;13;23.7638
1;14;49.0502
1;15;7.61199
2;13;52.0952
2;14;24.6645
2;15;12.7805
3;14;42.6628
3;15;48.7861
4;13;-3.40258
4;14;24.0105
4;15;40.9179
5;13;61.9374
5;14;13.0337
5;15;2.89682
6;13;18.0434
6;14;54.113
6;15;30.5339
7;13;35.0019
7;14;31.7274
7;15;45.7304
8;13;65.8676
8;14;23.956
8;15;72.397
9;13;3.52452
9;14;74.4697
9;15;74.0837
10;13;71.0972
10;14;28.2491
10;15;23.845
11;13;57.2706
11;14;-14.799
12;16;32.6553
16;15;42.5596
11;20;20.4461
20;15;-2.10483
12;27;43.0343
27;14;64.5005
12;45;59.7336
45;13;-15.1174
14;15;3.24382
3;53;26.4934
53;13;58.5346
