1;13;-11.7423
1;14;-19.7791
1;15;2.61199
2;13;59.2995
2;14;51.8666
2;15;38.9637
3;13;58.5346
3;14;47.6628
3;15;75.6507
4;13;7.91775
4;14;-14.8315
5;13;2.99838
5;14;11.2491
6;13;18.9071
6;15;30.5339
7;13;40.0019
7;14;26.7274
7;15;5.1974
8;13;0.432861
8;14;18.6299
8;15;1.50661
9;13;8.52452
9;15;84.0837
10;13;67.5895
10;14;-19.5838
10;15;28.845
11;13;14.4251
11;14;61.4909
12;13;-15.1174
12;14;59.5005
12;15;47.5596
12;21;19.4778
21;15;37.5596
10;35;42.5175
35;14;5.82569
12;4;-75.0201
11;44;6.03241
44;15;60.9095
6;45;-51.3393
45;14;54.113
8;47;-46.9867
4;6;48.4201
47;66;38.8774
66;13;82.0693
7;5;-52.7002
