1;14;-14.7791
1;15;56.4925
2;13;33.703
2;14;19.3097
2;15;28.1124
3;13;-11.561
3;14;-6.64522
3;15;72.8
4;13;25.9365
4;15;51.8804
5;13;32.6827
5;14;19.5316
5;15;78.9483
6;13;33.3253
6;15;51.7779
7;13;37.9765
7;15;-18.585
8;13;54.8942
8;14;24.5235
8;15;44.7672
9;13;-21.9676
9;14;60.6149
9;15;18.7466
10;13;36.8379
10;14;-19.4589
10;15;-21.5693
11;13;62.4659
11;14;59.2311
11;15;-16.3484
12;13;33.9584
12;14;12.9342
12;15;22.9613
7;29;50.8442
29;32;-14.3125
32;14;20.8417
4;35;-15.6698
35;14;44.1745
1;46;6.96575
46;13;58.6901
47;14;28.9207
6;63;50.8095
63;47;-70.8188
