1;13;42.5964
1;14;68.6344
2;13;2.10094
2;14;-0.197941
2;15;41.2442
3;13;-9.02673
3;14;52.4605
3;15;58.2262
4;13;34.7723
4;14;0.0352364
4;15;20.1188
5;13;2.2978
5;14;23.4009
5;15;3.0996
6;14;34.5784
6;15;-4.52762
7;13;70.6826
7;14;70.9512
7;15;18.6669
8;13;75.6111
8;14;-2.58643
8;15;-1.23068
9;13;6.04449
9;15;71.7395
10;13;71.9591
10;14;48.5986
10;15;41.5491
11;13;31.7391
11;14;12.8799
11;15;30.1835
12;13;-14.3995
12;14;33.296
12;15;69.391
9;3;29.1783
11;4;5.34871
1;26;-17.2949
26;15;10.8157
10;7;30.9903
11;6;-13.7745
6;34;25.4021
34;13;18.5748
9;35;-44.8915
35;14;16.0164
