1;13;65.9479
1;14;40.6542
1;15;56.9075
2;13;59.2995
2;14;24.6645
2;15;-0.0997276
3;13;-4.99012
3;14;47.6628
3;15;70.6507
4;13;7.91775
4;14;39.9291
4;15;64.7953
5;13;69.042
5;14;4.26258
5;15;-18.1089
6;13;18.0434
6;14;54.113
6;15;30.5339
7;13;53.0677
7;14;26.7274
7;15;68.7197
8;13;19.3928
8;14;-2.69353
8;15;73.1014
9;13;28.7721
9;14;73.8963
9;15;77.538
10;13;76.5682
10;14;-15.9913
10;15;-3.41182
11;13;36.8076
11;14;16.6028
11;15;-18.6095
12;13;-15.1174
12;14;-8.77946
12;15;69.613
8;16;37.6553
16;14;47.8878
