1;13;53.6901
1;14;30.2485
2;13;28.703
2;14;-7.67643
2;15;33.1124
3;13;38.0808
3;14;50.7294
3;15;10.4295
4;13;79.2228
4;14;49.1745
4;15;56.8804
5;13;19.3959
5;14;14.5316
6;13;54.7803
6;15;72.5377
7;13;67.3271
7;15;82.9434
8;13;49.3811
8;14;65.3366
8;15;34.7672
9;13;-16.9676
9;15;23.7466
10;13;63.0012
10;14;-14.4589
10;15;-16.5693
11;13;44.9707
11;14;59.2311
11;15;-16.3484
12;13;2.9137
12;14;17.9342
12;15;32.9613
8;19;51.6077
5;29;-5.09411
29;15;78.9483
6;33;11.1759
33;14;-34.4924
52;14;65.3366
1;58;-1.84437
58;15;56.4925
19;62;-54.3121
62;52;63.6021
