1;13;59.3753
1;15;61.4925
2;13;38.703
2;14;24.6645
2;15;12.7805
3;13;-16.561
3;14;-11.6452
3;15;70.6507
4;13;25.9365
4;14;-18.4301
4;15;61.8804
5;13;32.6827
5;14;43.8687
5;15;21.2115
6;13;23.0434
6;14;18.9207
6;15;51.7779
7;13;37.9765
7;14;36.7274
7;15;5.1974
8;13;59.8942
8;14;37.8878
8;15;39.7672
9;13;-21.9676
9;14;60.6149
9;15;79.0837
10;13;62.5895
10;14;-9.45894
10;15;-16.5693
11;13;57.4659
11;14;59.2311
11;15;-11.3484
12;13;28.9584
12;14;17.9342
12;15;42.5596
8;2;-11.0879
1;25;-71.0681
25;14;49.0502
4;12;18.7482
