1;13;23.7638
1;14;-19.7791
1;15;61.4925
2;13;57.0952
2;14;19.3097
2;15;28.1124
3;13;-11.561
3;14;-6.64522
3;15;48.7861
4;13;25.9365
4;14;49.1745
4;15;68.0075
5;13;57.9201
5;14;19.5316
5;15;78.9483
6;13;33.3253
6;14;33.9207
6;15;51.7779
7;13;70.6468
7;14;20.8417
7;15;45.7304
8;13;65.8676
8;14;29.5235
8;15;72.397
9;13;-16.9676
9;14;60.6149
9;15;48.4219
10;13;81.0972
10;14;33.2491
10;15;1.5825
11;13;57.4659
11;14;64.2311
11;15;-16.3484
12;14;12.9342
12;15;22.9613
12;47;26.3946
47;13;33.9584
12;3;26.3093
