1;13;53.6901
1;14;-19.7791
1;15;56.4925
2;13;33.703
2;14;19.3097
2;15;28.1124
3;13;-11.561
3;14;-6.64522
3;15;72.8
4;13;25.9365
4;14;49.1745
4;15;56.8804
5;13;32.6827
5;14;24.5316
5;15;78.9483
6;13;33.3253
6;14;23.9207
6;15;51.7779
7;13;32.9765
7;14;25.8417
7;15;-18.585
8;13;49.8942
8;14;24.5235
8;15;49.7672
9;13;-11.9676
9;15;18.7466
10;13;36.8379
10;14;-24.4589
10;15;-16.5693
11;13;57.4659
11;14;64.2311
11;15;-21.3484
12;13;33.9584
12;14;12.9342
12;15;22.9613
0;11;-24.7099
9;42;0.166965
42;14;60.6149
9;3;10.6664
