1;13;59.3753
1;14;49.0502
1;15;7.61199
2;13;45.3087
2;14;4.14149
2;15;12.7805
3;13;52.3975
3;14;47.6628
3;15;65.6507
4;13;7.91775
4;14;-18.4301
4;15;13.4016
5;13;61.9374
5;14;-1.79971
5;15;16.2115
6;13;8.428
6;14;-1.98637
6;15;15.9247
7;13;30.0019
7;14;26.7274
8;13;77.0693
8;14;52.8878
8;15;53.7408
9;13;6.04449
9;14;-9.66098
9;15;74.0837
10;13;71.9591
10;14;2.46433
10;15;60.9785
11;13;57.2706
11;14;64.4113
11;15;-2.10483
12;13;-15.1174
12;14;59.5005
12;15;43.764
5;16;37.6553
16;14;43.8687
7;19;24.8873
2;31;-3.40571
31;14;24.6645
19;56;44.0788
56;15;57.7828
