1;13;49.337
1;14;68.6104
1;15;10.8157
2;13;45.3087
2;14;1.91549
2;15;14.9324
3;13;-9.02673
3;14;52.4605
3;15;58.2262
4;13;-9.95337
4;14;-10.568
4;15;60.9355
5;13;67.9013
5;14;23.4009
5;15;32.1261
6;13;8.428
6;14;38.2846
7;13;35.5398
7;14;70.3784
7;15;48.3098
8;13;58.6187
8;14;18.6299
8;15;-5.9662
9;13;22.6555
9;14;-9.66098
9;15;40.0405
10;13;71.9591
10;14;-9.07666
10;15;60.9785
11;13;49.7848
11;14;60.2604
11;15;6.3187
12;13;19.5684
12;14;25.569
12;15;33.2342
6;24;51.7514
24;15;15.9247
11;2;-78.6288
13;15;-62.8654
10;4;68.6527
10;12;68.9446
