1;14;-19.7791
1;15;56.4925
2;13;33.703
2;14;19.3097
2;15;28.1124
3;13;-16.561
3;14;-6.64522
3;15;72.8
4;13;30.9365
4;15;56.8804
5;13;37.6827
5;14;19.5316
5;15;78.9483
6;13;33.3253
6;14;23.9207
6;15;51.7779
7;15;-18.585
8;13;54.8942
8;14;24.5235
8;15;44.7672
9;13;-21.9676
9;14;60.6149
9;15;18.7466
10;13;36.8379
10;14;-14.4589
10;15;-21.5693
11;13;57.4659
11;14;64.2311
12;13;33.9584
12;14;12.9342
12;15;22.9613
11;18;-26.7455
18;15;-11.3484
1;19;15.1895
19;13;53.6901
7;24;-13.9369
24;13;37.9765
4;28;-71.2211
28;14;49.1745
7;44;-12.0802
44;14;15.8417
