1;13;53.6901
1;14;-19.7791
1;15;61.4925
2;13;28.703
2;14;19.3097
2;15;28.1124
3;13;-16.561
3;14;-1.64522
3;15;72.8
4;13;25.9365
4;14;49.1745
4;15;56.8804
5;13;32.6827
5;14;19.5316
5;15;78.9483
6;13;33.3253
6;14;23.9207
6;15;51.7779
7;13;37.9765
7;14;20.8417
8;13;49.8942
8;14;9.52347
8;15;44.7672
9;13;-16.9676
9;15;23.7466
10;13;36.8379
10;14;-14.4589
10;15;-21.5693
11;13;57.4659
11;15;-16.3484
12;13;33.9584
12;14;2.93417
12;15;27.9613
11;18;-58.3763
18;14;59.2311
10;0;40.7617
9;42;10.0102
42;14;60.6149
7;46;11.2805
46;15;-13.585
6;2;11.9451
