1;13;32.683
1;14;-19.7791
1;15;8.87516
2;13;55.8617
2;14;19.3097
2;15;28.1124
3;13;-2.45869
3;14;-6.64522
3;15;33.1033
4;13;25.9365
4;14;75.8957
4;15;53.6747
5;13;14.3959
5;14;15.9942
5;15;33.6115
6;13;-17.6137
6;14;-24.4924
6;15;33.7254
7;14;20.8417
7;15;-18.585
8;13;-0.650732
8;15;-12.1742
9;13;-5.90164
9;15;72.3381
10;13;36.8379
10;14;-14.4589
10;15;4.48583
11;13;51.7092
11;14;26.0067
11;15;-10.7142
12;13;33.9584
12;15;22.9613
8;17;-3.33691
17;14;26.7471
7;19;-56.2171
7;19;17.6331
19;13;14.2886
19;13;37.9765
12;20;-11.374
20;14;17.9342
9;29;-44.0113
29;14;65.6149
