1;13;23.7638
1;14;60.7282
1;15;54.2076
2;13;24.256
2;14;32.8613
2;15;48.8534
3;13;43.9979
3;14;15.4049
3;15;43.7861
4;13;16.1917
4;14;19.0105
4;15;53.0075
5;13;27.6585
5;14;8.03371
6;13;69.3372
6;15;48.667
7;13;75.6468
7;14;68.7714
7;15;40.7304
8;13;65.8676
8;14;83.1109
8;15;72.397
9;14;7.54909
9;15;62.6769
10;13;61.0972
10;14;28.2491
10;15;1.5825
11;13;90.0252
11;14;-7.0024
11;15;-6.8735
12;13;-16.3673
12;14;39.1081
12;15;23.1953
13;4;-1.38443
6;30;30.6973
30;14;10.036
9;31;78.6778
1;10;41.9102
5;33;-43.1166
33;15;2.89682
31;34;-16.2691
34;13;19.8437
11;7;-3.59115
