1;13;53.6901
1;14;8.46225
1;15;49.2076
2;13;33.703
2;14;14.3097
2;15;23.1124
3;13;33.0808
3;14;-11.6452
3;15;72.8
4;13;30.9365
4;14;44.1745
4;15;56.8804
5;13;27.6585
5;14;-3.01797
5;15;73.9483
6;13;46.7908
6;14;26.5835
6;15;56.7779
7;13;32.9765
7;14;9.22074
7;15;42.6691
8;13;80.6111
8;14;29.5235
8;15;44.7672
9;13;-16.9676
9;15;43.4219
10;13;36.8379
10;14;-14.4589
10;15;-11.5693
11;13;57.4659
11;14;59.2311
11;15;-18.6095
12;13;-6.6612
12;14;61.7469
12;15;50.3383
6;7;-17.9287
9;44;-13.8662
44;14;28.3648
