1;14;-14.7791
1;15;56.4925
2;13;33.703
2;14;19.3097
2;15;28.1124
3;13;-9.02673
3;14;-15.5271
3;15;72.8
4;13;25.9365
4;14;15.4285
4;15;56.8804
5;13;0.725668
5;14;23.4009
5;15;40.9729
6;13;46.7908
6;14;23.9207
6;15;51.7779
7;13;37.9765
7;14;-13.5421
7;15;-18.585
8;13;54.8942
9;13;-16.9676
9;14;55.6149
9;15;67.6769
10;13;36.8379
10;14;10.7193
10;15;-16.5693
11;13;49.7848
11;14;59.2311
12;13;-21.3673
12;14;12.9342
12;15;64.391
30;13;42.5964
8;38;-8.55108
38;15;44.7672
11;45;-71.6067
45;15;39.5889
8;47;39.16
47;14;29.5235
1;59;6.23823
59;30;14.0851
