1;13;53.6901
1;14;-14.7791
1;15;56.4925
2;13;33.703
2;14;19.3097
2;15;28.1124
3;13;-11.561
3;14;-6.64522
3;15;77.8
4;13;25.9365
4;14;44.1745
4;15;56.8804
5;13;37.6827
5;14;14.5316
5;15;78.9483
6;13;33.3253
6;14;23.9207
6;15;51.7779
7;13;42.9765
7;15;-18.585
8;13;54.8942
8;14;24.5235
8;15;49.7672
9;13;-16.9676
9;14;60.6149
10;13;41.8379
10;14;-14.4589
10;15;-11.5693
11;13;57.4659
11;15;-16.3484
12;15;22.9613
7;21;-52.6687
21;14;15.8417
12;24;14.2698
24;14;17.9342
12;1;9.63691
11;25;-62.6066
25;14;59.2311
9;29;-15.368
29;15;23.7466
12;43;65.6839
43;13;33.9584
5;17;-11.8185
