1;13;53.6901
1;14;-19.7791
1;15;51.4925
2;13;33.703
2;14;19.3097
2;15;41.2442
3;13;-11.561
3;14;-6.64522
3;15;10.4295
4;13;79.2228
4;14;49.1745
4;15;72.7614
5;13;32.6827
5;15;78.9483
6;13;33.3253
6;14;23.9207
6;15;51.7779
7;13;37.9765
7;14;20.8417
7;15;-18.585
8;14;24.5235
9;13;1.04449
9;14;60.6149
9;15;35.2316
10;13;31.8379
10;14;-14.4589
10;15;-21.5693
11;13;57.4659
11;14;11.195
11;15;-16.3484
12;13;2.9137
12;15;64.391
6;22;-79.7655
22;14;18.9207
8;29;17.7794
29;15;49.7672
5;31;51.1681
31;14;19.5316
8;39;11.4033
39;13;54.3811
12;43;9.68572
43;14;12.9342
7;4;-4.05492
19;1;28.213
