1;13;59.3753
1;14;54.0502
1;15;7.61199
2;13;59.2995
2;15;12.7805
3;13;58.5346
3;14;27.9899
3;15;70.6507
4;13;7.91775
4;14;-18.4301
4;15;68.8723
5;13;66.9374
5;14;-3.01797
6;13;13.0434
6;15;30.5339
7;13;30.0019
7;15;0.197405
8;13;-10.1163
8;14;47.8878
8;15;-3.03505
9;13;28.1733
9;14;2.54909
9;15;67.6769
10;13;62.5895
10;14;5.82569
11;13;62.2706
11;14;-14.799
11;15;-12.1048
12;13;-15.1174
12;14;5.74689
12;15;57.8257
5;16;37.6553
16;15;16.2115
2;17;-27.5432
17;14;-8.08887
7;22;76.4415
22;14;26.7274
10;26;-5.53132
26;15;28.845
6;43;-15.3309
43;14;54.113
11;2;-42.7568
