1;13;53.6901
1;14;-19.7791
1;15;56.4925
2;13;33.703
2;15;28.1124
3;13;-11.561
3;14;-6.64522
3;15;67.8
4;13;25.9365
4;14;49.1745
4;15;56.8804
5;13;37.6827
5;14;14.5316
5;15;83.9483
6;13;33.3253
6;14;23.9207
6;15;46.7779
7;14;20.8417
7;15;-18.585
8;13;54.8942
8;14;29.5235
8;15;44.7672
9;13;-21.9676
9;14;60.6149
9;15;13.7466
10;13;36.8379
10;14;-14.4589
10;15;-16.5693
11;13;62.4659
11;15;-16.3484
12;13;33.9584
12;14;12.9342
12;15;22.9613
11;17;-49.547
17;14;59.2311
2;4;-6.89023
2;27;-7.59766
27;14;14.3097
7;34;-37.3279
34;13;32.9765
9;3;72.0726
2;12;-49.1096
