1;13;42.5964
1;14;4.00624
1;15;10.8157
2;13;53.2654
2;14;1.91549
2;15;41.2442
3;13;43.9458
3;14;55.7294
3;15;19.352
4;13;-14.9534
4;14;-8.18736
4;15;-12.1768
5;13;-8.00936
5;14;23.4009
5;15;32.1261
6;13;49.7803
6;15;55.5581
7;13;-14.8061
7;14;-18.5421
7;15;48.3098
8;13;0.432861
8;14;18.6299
8;15;0.758537
9;14;-9.59424
9;15;35.2316
10;13;68.0012
10;14;-9.07666
10;15;-12.3005
11;13;77.6798
11;14;-6.96277
11;15;44.5889
12;13;-19.3995
12;14;54.2623
12;15;61.9695
9;44;-6.129
44;13;27.6555
6;47;8.43919
47;14;37.3319
