1;13;53.6901
1;15;61.4925
2;13;33.703
2;14;14.3097
2;15;28.1124
3;13;-16.561
3;15;67.8
4;13;25.9365
4;14;49.1745
4;15;56.8804
5;13;32.6827
5;14;19.5316
5;15;78.9483
6;13;33.3253
6;14;23.9207
6;15;51.7779
7;13;37.9765
7;14;15.8417
7;15;-18.585
8;13;54.8942
8;14;24.5235
8;15;44.7672
9;13;-16.9676
9;14;50.6149
9;15;23.7466
10;13;41.8379
10;15;-16.5693
11;13;57.4659
11;14;59.2311
11;15;-21.3484
12;13;33.9584
12;15;22.9613
12;22;1.7761
22;14;12.9342
25;14;-19.4589
3;30;-2.75942
30;14;-6.64522
10;44;-0.0942211
44;25;-10.6852
1;49;-17.4961
49;14;-19.7791
8;0;22.9001
