1;13;53.6901
1;15;56.4925
2;13;33.703
2;15;28.1124
3;13;-6.56098
3;15;77.8
4;13;25.9365
4;14;49.1745
4;15;51.8804
5;13;37.6827
5;14;14.5316
5;15;78.9483
6;13;33.3253
6;14;28.9207
6;15;51.7779
7;13;42.9765
7;14;20.8417
8;13;59.8942
8;14;24.5235
8;15;44.7672
9;13;-21.9676
9;14;60.6149
9;15;23.7466
10;14;-9.45894
10;15;-11.5693
11;13;57.4659
11;14;59.2311
12;13;33.9584
12;14;-2.06583
12;15;27.9613
10;16;35.9019
16;13;36.8379
2;19;2.61153
19;14;19.3097
7;22;54.0714
22;15;-18.585
11;24;-71.6216
24;15;-21.3484
3;26;12.4453
26;14;-16.6452
9;6;62.7005
1;51;-51.1554
51;14;-19.7791
3;12;10.1185
18;1;58.9432
