1;13;53.6901
1;14;-24.7791
1;15;56.4925
2;13;33.703
2;14;14.3097
2;15;23.1124
3;13;-11.561
3;14;-6.64522
3;15;72.8
4;13;25.9365
4;15;56.8804
5;13;27.6827
5;15;78.9483
6;13;33.3253
6;14;23.9207
6;15;51.7779
7;14;20.8417
7;15;-18.585
8;13;54.8942
8;14;24.5235
8;15;49.7672
9;13;-26.9676
9;14;55.6149
9;15;18.7466
10;13;31.8379
10;14;-14.4589
10;15;-21.5693
11;13;57.4659
11;15;-16.3484
12;14;12.9342
12;15;17.9613
4;17;-34.3997
17;14;49.1745
7;24;-2.3859
24;13;37.9765
5;27;9.77692
27;14;14.5316
12;35;34.2287
35;13;33.9584
11;38;76.6613
38;14;64.2311
0;11;10.1456
5;6;13.9249
