1;13;53.6901
1;14;-19.7791
1;15;56.4925
2;13;33.703
2;14;9.30973
2;15;28.1124
3;13;-11.561
3;14;-11.6452
3;15;67.8
4;13;25.9365
4;14;49.1745
4;15;56.8804
5;13;27.6827
5;14;19.5316
5;15;78.9483
6;13;33.3253
6;14;18.9207
6;15;46.7779
7;13;37.9765
7;14;20.8417
7;15;-18.585
8;13;54.8942
8;14;24.5235
8;15;49.7672
9;13;-16.9676
9;14;60.6149
9;15;23.7466
10;13;31.8379
10;15;-16.5693
11;13;57.4659
11;14;59.2311
11;15;-16.3484
12;13;33.9584
12;15;22.9613
9;2;11.6204
14;2;0.728875
10;41;-4.61178
41;14;-14.4589
12;43;44.2965
43;14;12.9342
