1;13;41.947
1;15;66.5434
2;13;62.1842
2;14;45.6564
2;15;28.0193
3;13;44.652
3;14;39.2692
3;15;48.7861
4;14;-23.4301
4;15;35.9179
5;14;-6.79971
5;15;2.89682
6;13;18.0434
6;14;-6.18863
6;15;34.0197
7;13;75.6468
7;14;26.7274
7;15;5.1974
8;13;-14.7557
8;14;-5.67759
8;15;-7.45315
9;14;74.4697
9;15;43.4219
10;13;76.5682
10;14;5.82569
10;15;9.28891
11;13;39.3892
11;15;-10.234
12;13;-15.1174
12;14;27.5806
12;15;61.9695
5;25;-12.7084
25;13;62.9201
1;29;-63.0275
29;14;78.1835
11;37;-68.0959
37;14;16.6028
4;38;39.8321
38;13;7.91775
9;51;8.96975
51;13;8.52452
