1;13;42.5964
1;14;63.6104
1;15;0.815655
2;13;2.10094
2;14;12.4807
2;15;41.2442
3;13;-9.02673
3;15;58.2262
4;14;6.41719
4;15;20.1188
5;13;11.5658
5;14;23.4009
5;15;3.0996
6;13;18.5748
6;14;33.2846
6;15;-4.52762
7;13;35.5398
7;14;-18.5421
7;15;18.0215
8;13;18.2167
8;14;20.5408
8;15;53.7408
9;13;16.0445
9;14;44.9659
9;15;-7.02096
10;13;71.9591
10;14;48.5986
11;13;49.7848
11;14;1.19505
11;15;44.5889
12;14;33.296
12;15;74.391
3;28;3.69077
28;14;57.4605
10;29;-50.6172
29;15;60.9785
4;39;-41.4511
39;13;51.9462
10;1;46.2556
0;13;-39.5675
39;55;-68.4672
55;13;61.9462
