1;13;32.683
1;14;64.8
2;13;5.62279
2;14;-22.6764
2;15;31.4382
3;13;68.9813
3;14;41.1411
3;15;58.2262
4;13;67.1331
4;14;75.8957
4;15;20.1188
5;13;14.3959
5;14;23.4009
5;15;8.0996
6;13;18.5748
6;15;23.7254
7;13;-0.711443
7;15;13.0215
8;14;0.5408
8;15;-12.1742
9;13;4.09836
9;14;49.9659
9;15;72.3381
10;13;71.9591
10;14;-11.5589
10;15;-0.514168
11;13;51.1355
11;14;16.195
11;15;44.5889
12;13;61.1565
12;14;33.296
12;15;64.391
1;19;15.5638
8;25;-11.3952
25;13;25.741
8;4;10.5605
7;36;7.57479
36;14;65.8262
15;4;-3.60152
19;42;49.079
42;15;5.02103
6;64;36.4771
64;14;28.2846
16;14;-1.56805
5;6;16.5056
