1;13;48.6901
1;14;-19.7791
1;15;56.4925
2;13;33.703
2;14;14.3097
2;15;28.1124
3;13;-11.561
3;14;-11.6452
3;15;72.8
4;13;30.9365
4;15;56.8804
5;13;32.6827
5;14;19.5316
5;15;73.9483
6;13;33.3253
6;15;51.7779
7;13;37.9765
7;14;25.8417
7;15;-13.585
8;13;54.8942
8;14;19.5235
8;15;44.7672
9;13;-11.9676
9;14;60.6149
9;15;18.7466
10;13;36.8379
10;14;-14.4589
10;15;-21.5693
11;13;57.4659
11;14;59.2311
11;15;-16.3484
12;13;28.9584
12;14;12.9342
12;15;22.9613
10;1;1.88899
11;2;-69.4788
6;25;-25.1184
25;14;28.9207
4;26;68.0923
26;14;49.1745
12;3;14.1278
