1;13;53.6901
1;14;-19.7791
1;15;56.4925
2;13;33.703
2;14;-0.197941
2;15;28.1124
3;13;-11.561
3;14;-6.64522
3;15;67.8
4;13;25.9365
4;14;44.1745
4;15;56.8804
5;13;32.6827
5;14;19.5316
5;15;73.9483
6;13;38.3253
6;14;23.9207
6;15;56.7779
7;13;37.9765
7;14;20.8417
7;15;71.5221
8;13;59.8942
8;14;41.4227
8;15;49.7672
9;13;-16.9676
9;14;69.6618
9;15;62.6769
10;13;62.5895
10;14;-14.4589
10;15;-11.5693
11;13;57.4659
11;15;-16.3484
12;13;33.9584
12;14;-5.57537
12;15;42.5596
3;17;-14.7478
17;15;77.8
8;12;-20.0685
12;35;3.61351
35;15;22.9613
