1;13;48.6901
1;14;-34.7791
2;13;33.703
2;14;19.3097
2;15;28.1124
3;13;-11.561
3;14;-6.64522
3;15;72.8
4;13;30.9365
4;14;49.1745
4;15;51.8804
5;13;32.6827
5;14;19.5316
5;15;78.9483
6;13;33.3253
6;14;23.9207
6;15;51.7779
7;13;37.9765
7;15;-18.585
8;13;54.8942
8;14;34.5235
8;15;44.7672
9;13;-16.9676
9;15;23.7466
10;13;36.8379
10;15;-16.5693
11;13;57.4659
11;14;59.2311
11;15;-16.3484
12;14;12.9342
12;15;17.9613
10;20;-24.9472
20;14;-14.4589
1;23;-43.9438
23;15;56.4925
12;30;69.2017
30;13;33.9584
7;33;20.642
33;14;20.8417
9;42;-35.9275
42;14;60.6149
2;8;-5.08775
