1;13;43.6901
1;14;-19.7791
1;15;61.4925
2;13;28.703
2;14;24.3097
2;15;33.1124
3;13;-6.56098
3;14;-6.64522
3;15;67.8
4;13;25.9365
4;15;51.8804
5;13;22.6827
5;14;19.5316
5;15;88.9483
6;13;33.3253
6;15;51.7779
7;13;32.9765
7;14;25.8417
7;15;-13.585
8;13;54.8942
8;14;24.5235
8;15;39.7672
9;13;-21.9676
9;14;55.6149
9;15;13.7466
10;13;36.8379
10;14;-14.4589
10;15;-16.5693
11;13;57.4659
11;14;64.2311
11;15;-21.3484
12;13;33.9584
12;15;27.9613
12;16;-4.00539
5;27;42.0357
27;14;19.5316
4;31;21.7538
6;32;-18.1052
32;14;18.9207
12;33;80.7751
33;14;7.93417
31;55;13.3235
55;14;49.1745
