1;13;53.6901
1;14;-19.7791
1;15;56.4925
2;13;33.703
2;14;24.3097
2;15;23.1124
3;13;-11.561
3;14;-6.64522
3;15;72.8
4;13;20.9365
4;14;44.1745
4;15;56.8804
5;13;32.6827
5;14;14.5316
5;15;83.9483
6;13;33.3253
6;14;23.9207
6;15;51.7779
7;13;37.9765
7;14;20.8417
7;15;-13.585
8;13;54.8942
8;15;49.7672
9;13;-16.9676
9;14;60.6149
9;15;28.7466
10;13;36.8379
10;14;-14.4589
10;15;-21.5693
11;13;57.4659
11;14;59.2311
11;15;-16.3484
12;13;28.9584
12;14;7.93417
12;15;22.9613
11;2;-56.942
7;21;-28.2147
8;36;10.7749
36;14;24.5235
5;38;52.8021
38;13;32.6827
1;39;16.2176
39;4;-25.0342
21;45;74.9832
45;14;20.8417
7;6;48.6377
4;12;-36.5204
