1;13;53.6901
1;14;-19.7791
1;15;56.4925
2;13;33.703
2;14;19.3097
2;15;28.1124
3;13;-11.561
3;14;-11.6452
3;15;72.8
4;13;25.9365
4;15;56.8804
5;13;27.6827
5;14;14.5316
5;15;73.9483
6;13;33.3253
6;14;23.9207
6;15;51.7779
7;13;42.9765
7;14;25.8417
7;15;-18.585
8;13;54.8942
8;15;44.7672
9;13;-11.9676
9;14;55.6149
9;15;18.7466
10;13;36.8379
10;15;-16.5693
11;13;57.4659
11;14;64.2311
11;15;-16.3484
12;13;33.9584
12;14;12.9342
12;15;22.9613
4;30;15.2501
30;14;49.1745
10;42;6.9676
42;14;-14.4589
8;50;20.642
50;14;29.5235
11;10;10.7305
