1;13;53.6901
1;14;-29.7791
1;15;56.4925
2;13;33.703
2;14;24.3097
2;15;28.1124
3;13;-6.56098
3;14;-6.64522
3;15;72.8
4;13;25.9365
4;14;49.1745
4;15;56.8804
5;13;37.6827
5;14;19.5316
5;15;78.9483
6;13;33.3253
6;14;23.9207
6;15;51.7779
7;13;37.9765
7;14;20.8417
7;15;-18.585
8;13;54.8942
8;14;24.5235
8;15;39.7672
9;13;-16.9676
9;15;18.7466
10;13;36.8379
10;14;-14.4589
10;15;-16.5693
11;13;57.4659
11;14;59.2311
12;13;38.9584
12;14;12.9342
12;15;32.9613
9;19;-72.7695
19;14;60.6149
11;30;76.378
30;15;-21.3484
10;1;7.62087
10;8;18.683
6;16;-50.6976
10;48;64.5084
48;13;31.8379
