1;13;53.6901
1;14;-9.77908
1;15;61.4925
2;13;33.703
2;14;19.3097
2;15;28.1124
3;13;-11.561
3;15;77.8
4;13;25.9365
4;14;39.1745
4;15;61.8804
5;13;32.6827
5;14;24.5316
5;15;73.9483
6;13;33.3253
6;14;23.9207
6;15;46.7779
7;14;25.8417
7;15;-8.58498
8;13;44.8942
8;14;24.5235
8;15;39.7672
9;15;13.7466
10;13;36.8379
10;14;-19.4589
10;15;-21.5693
11;13;57.4659
11;14;54.2311
11;15;-21.3484
12;13;28.9584
12;14;7.93417
12;15;22.9613
3;16;-57.1565
16;14;-1.64522
9;18;53.2842
18;13;-16.9676
9;24;6.28461
24;14;60.6149
7;29;17.5832
29;44;-45.1377
44;13;37.9765
11;16;19.1979
