1;13;13.7638
1;14;32.6199
1;15;10.8157
2;13;52.0952
2;14;8.42934
2;15;41.2442
3;13;13.5223
3;14;43.8654
3;15;78.4845
4;13;-9.7023
4;14;24.0105
5;13;60.7959
5;15;3.0996
6;13;73.4181
6;14;15.036
6;15;79.53
7;14;52.1006
7;15;-15.0838
8;13;75.8676
8;14;-6.27684
8;15;62.397
9;13;1.08829
9;14;27.3894
9;15;66.5181
10;13;71.9591
10;14;36.0785
10;15;71.2391
11;13;59.549
11;14;72.0128
12;14;44.1081
12;15;64.391
11;18;-38.6937
18;15;-5.234
1;30;-14.1078
30;15;10.8157
12;35;-37.3238
4;36;-50.6841
36;15;-6.39254
35;56;-59.8386
56;13;16.0105
