1;13;-2.37893
1;14;-14.7791
1;15;59.7798
2;13;53.2654
2;14;43.7387
2;15;76.7405
3;13;-11.561
3;14;55.7294
3;15;-5.65195
4;13;25.9365
4;14;32.021
4;15;61.8804
5;13;32.6827
5;14;19.5316
5;15;26.142
6;13;66.9677
6;14;28.9207
6;15;56.7779
7;13;67.3271
7;14;20.8417
7;15;77.9434
8;13;54.3811
8;14;24.5235
9;13;-21.9676
9;14;-14.5942
9;15;57.054
10;13;63.0012
10;14;68.8949
10;15;-21.5693
11;13;57.4659
11;14;-1.96277
11;15;-3.68685
12;13;24.169
12;14;12.9342
12;15;22.9613
6;0;-2.28345
8;39;-27.2031
39;15;44.7672
12;9;-67.5134
