1;13;53.6901
1;15;51.4925
2;13;28.703
2;14;19.3097
2;15;28.1124
3;13;-6.56098
3;14;-6.64522
3;15;72.8
4;14;49.1745
4;15;56.8804
5;13;37.6827
5;14;19.5316
5;15;78.9483
6;13;33.3253
6;15;51.7779
7;13;37.9765
7;15;-13.585
8;13;54.8942
8;14;24.5235
8;15;44.7672
9;13;-16.9676
9;14;55.6149
9;15;18.7466
10;13;36.8379
10;14;-14.4589
10;15;-21.5693
11;14;59.2311
11;15;-16.3484
12;13;33.9584
12;14;12.9342
12;15;22.9613
6;16;-4.64907
16;14;23.9207
11;17;69.5596
17;13;57.4659
1;31;19.2436
31;14;-19.7791
7;38;-7.3152
38;14;20.8417
4;40;3.06354
40;13;25.9365
