1;13;53.6901
1;14;-24.7791
1;15;56.4925
2;13;33.703
2;15;28.1124
3;14;-11.6452
3;15;72.8
4;15;56.8804
5;13;32.6827
5;14;19.5316
5;15;83.9483
6;13;33.3253
6;14;18.9207
6;15;56.7779
7;13;42.9765
7;14;20.8417
8;13;54.8942
8;14;24.5235
8;15;39.7672
9;13;-16.9676
9;14;60.6149
9;15;18.7466
10;13;36.8379
10;14;-14.4589
10;15;-21.5693
11;13;57.4659
11;14;59.2311
11;15;-16.3484
12;13;38.9584
12;14;12.9342
12;15;27.9613
4;17;28.9364
17;13;20.9365
7;22;-67.2922
22;15;-18.585
2;27;43.0491
27;14;19.3097
4;29;16.8609
29;14;49.1745
3;31;-47.8101
31;13;-11.561
10;2;22.2588
0;13;58.5017
