1;13;59.3753
1;14;49.0502
1;15;7.61199
2;13;59.2995
2;14;-0.197941
3;13;-9.02673
3;14;42.4605
3;15;70.6507
4;13;7.91775
4;14;0.0352364
4;15;35.9179
5;13;61.9374
5;14;23.4009
5;15;16.2115
6;13;13.5748
6;14;33.2846
6;15;30.5339
7;13;35.5398
7;14;-18.5421
7;15;18.0215
8;13;77.0693
8;15;58.7408
9;13;3.52452
9;14;44.9659
9;15;74.0837
10;13;62.5895
10;14;43.5986
10;15;23.845
11;13;57.2706
11;14;11.195
11;15;-7.10483
12;13;-15.1174
12;14;64.5005
12;15;64.391
7;16;10.5077
16;15;5.1974
8;32;-9.40114
32;14;47.8878
2;41;-21.1243
41;15;41.2442
