1;13;48.6901
1;14;-19.7791
2;13;33.703
2;14;19.3097
2;15;28.1124
3;13;-6.56098
3;14;-6.64522
3;15;72.8
4;13;25.9365
4;14;49.1745
4;15;56.8804
5;13;32.6827
5;14;24.5316
5;15;78.9483
6;13;38.3253
6;14;23.9207
6;15;51.7779
7;14;20.8417
8;13;54.8942
8;14;24.5235
8;15;44.7672
9;13;-16.9676
9;15;18.7466
10;13;36.8379
10;14;-14.4589
10;15;-16.5693
11;14;59.2311
11;15;-16.3484
12;13;23.9584
12;14;12.9342
12;15;22.9613
11;16;51.3278
16;13;57.4659
1;22;-19.9336
22;15;56.4925
9;24;13.004
24;14;60.6149
7;42;-2.00779
42;15;-18.585
7;46;-54.7132
46;13;37.9765
18;0;10.3868
