1;13;59.3753
1;14;63.6104
1;15;7.61199
2;13;59.2995
2;14;-0.197941
2;15;41.2442
3;13;58.5346
3;14;42.6628
3;15;58.2262
4;13;12.9178
4;15;20.1188
5;13;11.5658
5;14;23.4009
5;15;3.0996
6;13;18.5748
6;14;33.2846
6;15;30.5339
7;13;30.0019
7;14;-23.5421
7;15;10.1974
8;13;18.2167
8;14;10.5408
8;15;6.50661
9;13;3.52452
9;14;74.4697
9;15;35.2316
10;13;67.5895
10;14;5.82569
10;15;28.845
11;13;44.7848
11;14;-14.799
11;15;44.5889
12;13;-15.1174
12;14;38.296
12;15;42.5596
14;8;4.50765
4;16;-49.3652
16;14;-18.4301
11;4;4.93888
5;0;-43.4912
