1;13;27.5947
1;14;-7.76742
1;15;73.081
2;13;52.0952
2;14;12.5711
2;15;72.4539
3;13;43.9979
3;14;8.22838
3;15;1.71654
4;13;-4.7023
4;14;42.6125
4;15;-2.37612
5;13;7.48965
5;14;2.75519
5;15;79.6925
6;13;-18.6134
6;14;-3.91756
7;13;68.1232
7;14;38.864
7;15;56.0862
8;13;22.1639
8;14;9.24318
8;15;2.44155
9;13;14.154
9;14;61.4767
9;15;25.6514
10;13;71.0972
10;14;45.4029
10;15;1.5825
11;13;28.5866
11;14;-0.929077
12;13;-1.6612
12;14;-6.30439
12;15;45.9878
3;4;47.4906
6;26;2.92743
26;15;7.72136
11;29;-11.2037
29;15;-5.234
5;6;12.6784
