1;13;53.6901
1;15;56.4925
2;13;33.703
2;15;33.1124
3;13;-11.561
3;14;-6.64522
3;15;72.8
4;13;25.9365
4;15;61.8804
5;13;32.6827
5;14;24.5316
5;15;78.9483
6;13;33.3253
6;14;28.9207
6;15;51.7779
7;13;37.9765
7;14;20.8417
7;15;-8.58498
8;13;54.8942
8;14;19.5235
8;15;44.7672
9;13;-11.9676
9;14;60.6149
9;15;18.7466
10;13;41.8379
10;14;-14.4589
10;15;-16.5693
11;13;62.4659
11;14;59.2311
11;15;-16.3484
12;13;33.9584
12;14;7.93417
12;15;22.9613
10;7;-38.908
8;31;-43.9442
31;14;29.5235
4;33;-63.8029
33;14;49.1745
7;43;-8.78799
43;13;42.9765
1;44;-46.0068
44;14;-19.7791
2;47;76.378
47;14;19.3097
9;6;53.1285
