1;13;53.6901
1;14;-19.7791
1;15;59.7798
2;13;53.2654
2;14;19.3097
2;15;76.7405
3;13;-6.56098
3;14;55.9735
3;15;72.8
4;13;30.9365
4;14;49.1745
4;15;51.8804
5;13;32.6827
5;14;13.0337
5;15;26.142
6;13;69.3372
6;14;23.9207
6;15;55.5581
7;13;32.9765
8;13;60.8676
8;14;24.5235
8;15;44.7672
9;14;-19.5942
9;15;67.054
10;13;71.0972
10;14;-14.4589
10;15;-16.5693
11;13;39.3892
11;14;59.2311
12;13;33.9584
12;14;44.1081
12;15;22.9613
7;27;-7.54756
27;14;20.8417
39;15;-16.3484
48;15;-18.585
11;52;-59.1014
52;39;26.1515
7;54;16.6515
54;48;56.5176
5;3;-12.3625
