1;13;53.6901
1;14;-14.7791
1;15;51.4925
2;13;28.703
2;14;24.3097
2;15;28.1124
3;13;-11.561
3;14;-6.64522
3;15;72.8
4;13;25.9365
4;14;54.1745
4;15;51.8804
5;13;27.6827
5;14;9.5316
5;15;83.9483
6;13;33.3253
6;15;46.7779
7;13;37.9765
7;14;15.8417
8;13;54.8942
8;14;24.5235
8;15;49.7672
9;13;-11.9676
9;15;23.7466
10;13;41.8379
10;14;-9.45894
10;15;-16.5693
11;13;57.4659
11;14;59.2311
11;15;-11.3484
12;13;33.9584
12;14;12.9342
12;15;22.9613
7;21;-14.9347
21;15;-23.585
29;14;60.6149
1;0;25.7987
6;38;-37.1922
11;7;29.4245
16;13;43.9134
9;1;-12.8627
9;53;-17.8664
53;29;3.56898
38;68;-72.55
68;14;28.9207
