1;13;48.6901
1;15;51.4925
2;13;38.703
2;14;19.3097
2;15;28.1124
3;13;-11.561
3;14;-6.64522
3;15;72.8
4;13;25.9365
4;14;49.1745
4;15;56.8804
5;13;32.6827
5;14;19.5316
5;15;73.9483
6;13;33.3253
6;14;23.9207
6;15;51.7779
7;13;37.9765
7;14;20.8417
8;13;49.8942
8;14;24.5235
8;15;44.7672
9;13;-16.9676
9;15;18.7466
10;13;41.8379
10;14;-14.4589
10;15;-16.5693
11;13;57.4659
11;14;59.2311
12;13;33.9584
12;14;17.9342
12;15;32.9613
7;21;55.2643
21;15;-18.585
1;33;-33.2984
33;14;-19.7791
11;45;28.8609
45;15;-21.3484
0;1;-5.57413
9;55;39.9267
55;56;69.7181
56;14;60.6149
