1;13;53.6901
1;14;-19.7791
1;15;53.7939
2;13;33.703
2;15;28.1124
3;13;-11.561
4;13;30.9365
4;15;56.8804
5;13;32.6827
5;14;19.5316
5;15;78.9483
6;13;33.3253
6;14;28.9207
6;15;46.7779
7;13;32.9765
7;14;15.8417
8;13;54.8942
8;14;19.5235
8;15;44.7672
9;13;-16.9676
9;14;60.6149
9;15;58.4219
10;13;71.0972
10;14;-14.4589
10;15;-16.5693
11;13;57.4659
11;14;72.0128
11;15;-6.3484
12;13;-16.3673
12;14;12.9342
12;15;27.9613
4;34;-17.8954
34;14;54.1745
2;35;-18.8442
35;14;24.3097
4;40;16.879
40;15;56.8804
10;2;7.73353
3;46;-17.8839
46;14;-6.64522
7;54;48.2215
54;15;-13.585
5;12;9.53129
