1;13;14.7116
1;14;-1.53775
1;15;10.8157
2;13;2.10094
2;14;4.80206
2;15;36.2442
3;13;54.0438
3;14;0.221279
3;15;72.0914
4;13;48.4757
4;14;45.313
4;15;5.72655
5;13;33.2441
5;14;23.4009
5;15;6.04969
6;13;18.5748
6;14;33.2846
6;15;-9.52762
7;13;40.5398
7;14;16.1601
7;15;18.0215
8;13;18.2167
8;14;5.5408
8;15;8.87778
9;15;7.96421
10;13;71.9591
10;14;48.5986
10;15;65.9785
11;13;62.7391
11;14;11.195
11;15;-6.1799
12;13;23.6497
12;14;33.296
12;15;71.893
9;3;-57.4354
9;44;0.125551
44;13;57.5767
9;53;51.5936
53;14;8.83794
1;6;-13.6957
