1;13;43.0243
1;14;44.0502
1;15;53.7939
2;13;26.2852
2;14;-0.197941
2;15;12.7805
3;13;37.8635
3;14;47.6628
3;15;58.2262
4;13;7.91775
4;14;10.4285
4;15;33.6743
5;13;11.5658
5;14;-3.01797
5;15;74.982
6;13;32.5747
6;14;49.113
6;15;39.6196
7;13;3.36562
7;14;-18.5421
7;15;5.1974
8;13;77.0693
8;14;72.3728
8;15;53.7408
9;13;6.04449
9;14;2.54909
9;15;62.6769
10;13;62.5895
10;14;48.5986
11;13;49.7848
11;14;11.195
11;15;45.9146
12;13;-19.3995
12;14;5.74689
12;15;71.6523
10;17;-74.1158
17;15;28.845
7;4;24.0623
