1;13;53.6901
1;14;-19.7791
1;15;56.4925
2;13;33.703
2;14;19.3097
2;15;28.1124
3;13;-11.561
3;15;72.8
4;13;25.9365
4;14;49.1745
4;15;56.8804
5;13;37.6827
5;14;19.5316
5;15;73.9483
6;13;38.3253
6;14;23.9207
6;15;51.7779
7;13;37.9765
7;14;20.8417
7;15;-18.585
8;13;54.8942
8;14;19.5235
8;15;44.7672
9;13;-16.9676
9;15;23.7466
10;13;36.8379
10;15;-16.5693
11;13;52.4659
11;14;64.2311
11;15;-16.3484
12;13;28.9584
12;15;22.9613
12;25;18.0875
25;14;12.9342
9;30;40.2911
30;14;60.6149
3;33;35.8119
33;14;-11.6452
10;39;27.2148
39;49;-32.2431
49;14;-14.4589
12;17;6.91172
12;4;5.70089
