1;13;53.6901
1;14;-19.7791
1;15;51.4925
2;13;33.703
2;15;28.1124
3;14;-6.64522
3;15;72.8
4;13;25.9365
4;14;44.1745
4;15;51.8804
5;13;32.6827
5;14;14.5316
5;15;78.9483
6;13;33.3253
6;14;23.9207
6;15;51.7779
7;13;37.9765
7;14;20.8417
7;15;-18.585
8;13;54.8942
8;14;24.5235
8;15;44.7672
9;13;-26.9676
9;14;65.6149
9;15;18.7466
10;13;36.8379
10;14;-14.4589
10;15;-16.5693
11;13;52.4659
11;14;59.2311
11;15;-21.3484
12;13;28.9584
12;14;7.93417
12;15;22.9613
9;8;-3.66837
2;26;-42.7718
26;14;19.3097
3;27;-68.6848
27;13;-6.56098
11;12;-73.7245
3;1;-46.6963
1;37;2.16595
37;6;-1.35826
5;16;-47.4188
