1;13;53.6901
1;14;-19.7791
1;15;51.4925
2;13;33.703
2;14;19.3097
2;15;28.1124
3;14;-1.64522
3;15;77.8
4;13;25.9365
4;15;61.8804
5;13;37.6827
5;14;19.5316
5;15;78.9483
6;14;33.9207
6;15;46.7779
7;13;37.9765
7;14;20.8417
7;15;-13.585
8;13;54.8942
8;15;39.7672
9;13;-16.9676
9;14;60.6149
9;15;23.7466
10;13;41.8379
10;14;-14.4589
10;15;-26.5693
11;13;52.4659
11;14;64.2311
11;15;-26.3484
12;13;38.9584
12;15;22.9613
6;20;75.3659
20;13;33.3253
4;26;-23.0697
26;14;49.1745
1;43;65.0017
43;14;-19.7791
12;44;19.9957
44;14;17.9342
3;50;9.41378
50;13;-11.561
11;7;31.4695
11;16;-65.2292
10;6;-7.8395
