1;13;42.5964
1;14;64.8023
1;15;-2.38801
2;13;24.256
2;15;14.9324
3;13;59.0438
3;14;19.9924
3;15;14.352
4;13;51.9462
4;14;-4.96476
4;15;40.9179
5;13;61.9374
5;14;39.254
5;15;16.2115
6;13;8.57483
6;14;-4.1413
6;15;-15.626
7;13;30.0019
7;14;19.2207
7;15;54.923
8;13;34.3211
8;14;11.6653
8;15;77.397
9;13;11.0445
9;14;44.9659
9;15;77.538
10;13;76.9591
10;14;-9.07666
10;15;38.845
11;13;44.3892
11;14;77.0128
11;15;-1.1799
12;13;-15.1174
12;14;64.5005
12;15;61.9695
3;22;-66.3028
22;15;70.6507
12;29;-74.7822
29;13;-20.1174
6;37;-43.4943
37;14;54.113
9;38;42.6229
2;45;28.8609
45;14;24.6645
14;16;-57.9792
0;15;-54.612
