1;13;37.5964
1;14;-19.7791
2;13;33.703
2;14;19.3097
2;15;23.1124
3;13;-9.02673
3;14;47.4605
3;15;72.8
4;13;51.9462
4;14;0.0352364
4;15;56.8804
5;13;32.6827
5;14;28.4009
5;15;78.9483
6;13;33.3253
6;14;23.9207
6;15;51.7779
7;14;-18.5421
7;15;-18.585
8;13;54.8942
8;14;24.5235
8;15;44.7672
9;13;6.04449
9;14;60.6149
9;15;35.2316
10;13;71.9591
10;14;-9.45894
10;15;-16.5693
11;13;57.4659
11;14;11.195
12;13;-19.3995
12;14;33.296
12;15;64.391
11;37;-56.7507
37;15;44.5889
4;7;0.754539
1;44;-78.5531
44;15;10.8157
7;51;73.3478
51;13;37.9765
10;4;58.5943
