1;14;-19.7791
1;15;61.4925
2;13;33.703
2;15;47.532
3;13;-11.561
3;14;-1.64522
3;15;8.0042
4;13;57.5058
4;14;44.1745
4;15;56.8804
5;13;42.6827
5;14;19.5316
5;15;78.9483
6;13;46.7908
6;14;23.9207
6;15;51.7779
7;13;-8.87244
7;14;16.1601
7;15;-13.585
8;13;59.8942
8;14;-18.6839
8;15;49.7672
9;13;-16.9676
9;14;60.6149
9;15;62.6769
10;13;36.8379
10;14;25.724
10;15;-16.5693
11;13;57.4659
11;14;18.1479
11;15;-16.3484
12;13;33.9584
12;14;12.9342
12;15;22.685
1;21;42.0357
9;22;-20.949
22;13;-16.9676
21;26;-3.40571
26;13;53.6901
2;44;-14.4439
44;14;4.14149
13;17;-47.6752
