1;13;32.683
1;14;3.1428
2;13;59.2995
2;14;5.64885
2;15;45.1132
3;13;68.9813
3;14;77.1466
3;15;60.0775
4;13;13.8243
4;15;-8.67194
5;13;54.7809
5;15;32.1261
6;13;13.9071
6;14;14.3678
6;15;30.5339
7;13;9.28856
7;14;57.0686
7;15;19.4943
8;13;73.3273
8;14;47.8878
8;15;50.7909
9;13;-3.91171
9;14;28.295
9;15;66.5181
10;13;63.0012
10;15;6.45525
11;13;57.2706
11;14;45.712
11;15;21.3984
12;13;16.0105
12;14;47.3937
12;15;71.6523
22;15;66.5434
4;30;62.2769
30;14;-14.114
5;35;50.5322
35;14;-19.4591
1;54;3.35723
54;22;-32.2147
