1;13;-0.245626
1;14;44.2692
1;15;43.0424
2;13;40.7555
2;14;79.7052
2;15;54.8551
3;13;53.5147
3;14;78.198
3;15;-15.5009
4;13;6.36165
4;14;3.45144
4;15;0.357805
5;13;22.8309
5;14;41.8958
5;15;68.3282
6;13;32.9754
6;14;-19.8875
7;13;26.0768
7;14;35.7171
7;15;18.1762
8;13;13.6149
8;14;-1.88388
9;14;38.7891
9;15;1.4524
10;13;41.5935
10;14;-4.18883
10;15;-16.2068
11;13;-8.38225
11;15;83.0653
12;14;44.0113
12;15;72.7706
12;16;-7.55702
16;13;-6.82979
8;18;-29.3167
18;15;24.1354
9;43;30.2827
43;13;19.3746
6;45;16.4513
45;15;14.7287
1;8;-21.9769
