1;13;53.6901
1;14;-14.7791
1;15;56.4925
2;13;33.703
2;14;19.3097
2;15;28.1124
3;13;-11.561
3;14;-6.64522
3;15;72.8
4;13;25.9365
4;14;49.1745
4;15;56.8804
5;13;32.6827
5;14;19.5316
6;13;33.3253
6;14;23.9207
6;15;51.7779
7;13;37.9765
7;14;20.8417
7;15;-18.585
8;13;49.8942
8;14;24.5235
8;15;39.7672
9;13;-21.9676
10;13;36.8379
10;14;-14.4589
10;15;-11.5693
11;13;57.4659
11;14;59.2311
11;15;-21.3484
12;13;28.9584
12;14;12.9342
12;15;22.9613
9;27;-56.5041
27;14;60.6149
5;29;-44.5216
29;15;78.9483
9;31;21.7021
31;15;13.7466
12;4;66.1858
5;43;-12.7587
43;2;8.60479
3;10;13.3127
