1;14;-24.7791
1;15;56.4925
2;13;33.703
2;14;19.3097
2;15;33.1124
3;13;-16.561
3;14;-11.6452
3;15;72.8
4;13;25.9365
4;14;54.1745
4;15;56.8804
5;13;32.6827
5;14;19.5316
5;15;78.9483
6;13;33.3253
6;15;46.7779
7;14;20.8417
7;15;-13.585
8;13;54.8942
8;14;24.5235
8;15;44.7672
9;13;-21.9676
9;14;60.6149
9;15;18.7466
10;13;36.8379
10;14;-14.4589
10;15;-16.5693
11;13;57.4659
11;14;59.2311
11;15;-21.3484
12;13;33.9584
12;14;7.93417
12;15;22.9613
8;22;51.0736
22;14;24.5235
6;11;-1.86337
6;28;17.6984
28;14;23.9207
7;29;-6.59017
29;13;37.9765
15;2;-77.866
4;55;40.1087
55;15;56.8804
