1;13;53.6901
1;14;-19.7791
1;15;56.4925
2;13;33.703
2;14;19.3097
3;13;-16.561
3;14;-6.64522
3;15;72.8
4;13;25.9365
4;15;56.8804
5;13;32.6827
5;14;24.5316
5;15;73.9483
6;13;33.3253
6;14;23.9207
6;15;51.7779
7;13;32.9765
7;14;20.8417
7;15;-18.585
8;13;54.8942
8;14;19.5235
8;15;44.7672
9;13;-11.9676
9;14;55.6149
9;15;18.7466
10;13;36.8379
10;14;-19.4589
10;15;-16.5693
11;13;57.4659
11;14;59.2311
11;15;-16.3484
12;13;33.9584
12;14;7.93417
12;15;27.9613
9;5;-63.222
38;15;28.1124
2;43;-39.0775
43;38;-32.4268
7;4;43.6771
4;56;20.9192
56;14;49.1745
