1;13;53.6901
1;14;-19.7791
1;15;61.4925
2;13;33.703
2;14;19.3097
2;15;28.1124
3;14;-6.64522
3;15;72.8
4;13;25.9365
4;15;56.8804
5;14;19.5316
5;15;83.9483
6;13;33.3253
6;14;28.9207
6;15;51.7779
7;13;37.9765
7;14;20.8417
7;15;-18.585
8;13;54.8942
8;14;19.5235
8;15;39.7672
9;13;-16.9676
9;15;23.7466
10;13;31.8379
10;14;-14.4589
10;15;-16.5693
11;13;57.4659
11;14;64.2311
11;15;-11.3484
12;13;33.9584
12;15;27.9613
12;18;38.0735
18;14;12.9342
9;37;8.96975
37;14;60.6149
3;39;30.5795
39;13;-11.561
5;50;-18.748
50;13;32.6827
4;51;-24.7889
51;14;54.1745
