1;13;-10.7506
1;14;69.797
1;15;64.1243
2;13;52.0952
2;14;0.0946865
2;15;72.6068
3;13;43.9979
3;14;-9.58258
3;15;58.7861
4;14;10.258
4;15;70.6804
5;13;26.3617
5;14;31.4849
5;15;77.1818
6;13;48.1922
6;14;15.036
6;15;78.498
7;13;23.4513
7;14;38.864
7;15;54.9771
8;13;56.6448
8;14;43.6656
9;13;19.8437
9;14;8.83794
9;15;38.4288
10;13;71.0972
10;14;78.4363
10;15;-19.6421
11;13;37.6479
11;14;-15.6621
11;15;-5.234
12;13;23.6497
12;14;26.905
12;15;23.1953
4;23;51.4117
23;13;25.8269
8;29;-57.2847
29;15;54.0175
