1;13;53.6901
2;13;33.703
2;14;19.3097
2;15;28.1124
3;13;-11.561
3;14;-6.64522
3;15;77.8
4;13;25.9365
4;15;56.8804
5;13;32.6827
5;14;19.5316
5;15;73.9483
6;13;33.3253
6;14;18.9207
6;15;51.7779
7;13;37.9765
7;14;20.8417
7;15;-18.585
8;13;54.8942
8;14;24.5235
8;15;44.7672
9;13;-16.9676
9;14;55.6149
9;15;18.7466
10;13;36.8379
10;14;-9.45894
10;15;-16.5693
11;13;57.4659
11;15;-11.3484
12;13;33.9584
12;15;27.9613
11;20;-14.6486
20;14;59.2311
4;23;-49.7562
23;14;49.1745
1;25;-35.1284
25;15;56.4925
12;37;49.0901
37;14;7.93417
1;38;-1.2737
38;14;-24.7791
11;10;70.2003
