1;13;53.6901
1;14;-24.7791
1;15;56.4925
2;13;33.703
2;14;19.3097
2;15;28.1124
3;13;-11.561
3;15;67.8
4;13;25.9365
4;14;49.1745
4;15;56.8804
5;13;37.6827
5;14;19.5316
6;13;38.3253
6;14;28.9207
6;15;51.7779
7;13;32.9765
7;14;20.8417
7;15;-23.585
8;13;54.8942
8;14;24.5235
8;15;44.7672
9;15;18.7466
10;13;36.8379
10;14;-14.4589
10;15;-16.5693
11;13;57.4659
11;14;59.2311
11;15;-16.3484
12;14;17.9342
12;15;22.9613
12;20;-14.3142
20;13;33.9584
9;22;-3.39452
22;13;-16.9676
9;25;-46.0021
25;14;60.6149
3;27;0.580853
27;14;-6.64522
5;37;23.4599
37;15;88.9483
