1;13;53.6901
1;14;-24.7791
1;15;56.4925
2;13;33.703
2;14;19.3097
2;15;23.1124
3;14;-6.64522
3;15;72.8
4;13;25.9365
4;15;61.8804
5;14;19.5316
5;15;78.9483
6;13;28.3253
6;14;13.9207
6;15;51.7779
7;13;37.9765
7;14;20.8417
7;15;-23.585
8;13;54.8942
8;14;24.5235
8;15;44.7672
9;13;-21.9676
9;15;18.7466
10;13;36.8379
10;14;-14.4589
10;15;-16.5693
11;13;57.4659
11;14;59.2311
11;15;-16.3484
12;13;33.9584
12;14;12.9342
12;15;27.9613
5;25;-49.368
25;13;32.6827
3;43;-83.7262
43;13;-11.561
9;47;-19.1263
47;14;60.6149
52;14;49.1745
9;17;-45.6388
9;5;16.2353
4;55;6.21196
55;52;-53.2021
10;7;-72.0708
2;1;8.33756
