1;13;53.6901
1;14;-19.7791
1;15;56.4925
2;13;23.703
2;14;14.3097
2;15;28.1124
3;13;-11.561
3;14;-6.64522
4;13;25.9365
4;15;56.8804
5;13;32.6827
5;14;19.5316
5;15;78.9483
6;13;38.3253
6;15;51.7779
7;13;42.9765
7;14;20.8417
7;15;-18.585
8;13;54.8942
8;14;24.5235
8;15;49.7672
9;13;-16.9676
9;14;60.6149
9;15;18.7466
10;13;36.8379
10;14;-9.45894
10;15;-16.5693
11;13;57.4659
11;14;59.2311
11;15;-16.3484
12;14;17.9342
12;15;22.9613
3;27;-2.97024
27;15;72.8
29;14;49.1745
11;7;40.2173
6;43;61.7907
43;14;23.9207
12;46;72.8246
46;13;33.9584
5;8;-0.930421
4;59;5.81809
59;29;-3.82205
