1;13;53.6901
1;14;-19.7791
2;13;33.703
2;14;14.3097
2;15;28.1124
3;13;-11.561
3;14;-11.6452
3;15;72.8
4;13;25.9365
4;14;44.1745
4;15;51.8804
5;13;32.6827
5;14;19.5316
5;15;78.9483
6;13;33.3253
6;14;23.9207
6;15;51.7779
7;13;37.9765
7;14;20.8417
7;15;-18.585
8;13;49.8942
8;14;14.5235
8;15;44.7672
9;13;-16.9676
9;14;60.6149
9;15;13.7466
10;13;36.8379
10;14;-14.4589
10;15;-16.5693
11;13;62.4659
11;15;-16.3484
12;14;7.93417
12;16;-50.4648
16;15;22.9613
12;37;23.1896
37;13;33.9584
11;41;66.6701
41;14;59.2311
1;46;5.81114
46;15;56.4925
8;17;-0.282916
