1;13;49.337
1;14;24.4097
2;13;52.0952
2;14;1.91549
2;15;51.9121
3;13;-5.5532
3;14;36.4252
3;15;72.8
4;13;-3.40258
4;15;24.8322
5;13;67.9201
5;14;78.6644
5;15;7.89682
6;13;69.3372
6;14;-4.1413
6;15;48.667
7;14;65.3784
7;15;66.7747
8;13;58.6187
8;14;18.956
8;15;72.397
9;14;68.8963
10;13;76.7694
10;14;-15.9913
10;15;1.5825
11;13;46.8076
11;14;67.0128
11;15;-18.2392
12;13;13.715
12;15;74.613
9;16;-71.2177
16;15;24.0321
12;36;16.1992
36;14;44.1081
3;0;20.7965
4;40;3.48377
40;14;24.0105
10;48;-13.8928
48;13;81.7694
2;12;-16.3051
9;55;53.1943
55;13;19.8437
