1;13;42.5964
1;14;64.8
1;15;5.02103
2;13;5.62279
2;14;-7.67643
2;15;31.4382
3;13;68.9813
3;14;42.4605
3;15;58.2262
4;13;62.1331
4;14;0.0352364
4;15;20.1188
5;14;23.4009
6;13;18.5748
6;14;28.2846
6;15;28.7254
7;13;9.28856
7;14;50.8262
7;15;18.0215
8;13;18.2167
8;14;26.7471
8;15;-12.1742
9;13;6.04449
9;14;44.9659
9;15;35.2316
10;13;71.9591
10;14;48.5986
10;15;4.48583
11;13;51.1355
11;14;41.1241
11;15;-10.7142
12;13;-19.3995
12;14;33.296
12;15;64.391
5;36;-65.4532
36;13;14.3959
5;40;31.2397
40;15;3.0996
