1;13;53.6901
1;14;-19.7791
1;15;61.4925
2;13;33.703
2;14;19.3097
2;15;28.1124
3;13;43.9979
3;14;-6.64522
4;13;20.9365
4;14;49.1745
4;15;51.8804
5;13;32.6827
5;14;19.5316
5;15;78.9483
6;13;61.9677
6;14;23.9207
6;15;51.7779
7;13;42.9765
7;14;30.8417
7;15;45.7304
8;13;73.3273
8;15;49.7672
9;13;47.3648
9;14;60.6149
9;15;8.74664
10;13;36.8379
10;14;-19.5838
10;15;-16.5693
11;13;57.4659
11;14;59.2311
11;15;-16.3484
12;13;33.9584
12;14;7.93417
12;15;61.9695
8;23;68.808
11;26;-38.2402
26;14;59.2311
9;5;-64.4843
3;40;9.73644
3;40;15.8732
40;15;77.8
40;15;43.7861
4;2;68.5112
23;53;71.8629
53;63;10.1323
63;14;24.5235
