1;13;53.6901
1;14;-19.7791
1;15;51.4925
2;13;33.703
2;14;19.3097
2;15;28.1124
3;14;-6.64522
3;15;72.8
4;13;25.9365
4;14;49.1745
4;15;56.8804
5;13;37.6827
5;15;78.9483
6;13;33.3253
6;14;23.9207
6;15;51.7779
7;13;37.9765
7;14;20.8417
7;15;-18.585
8;13;59.8942
8;14;19.5235
8;15;44.7672
9;13;-16.9676
9;14;60.6149
9;15;48.4219
10;13;36.8379
10;14;-19.4589
10;15;-21.5693
11;13;52.4659
11;14;-2.7336
11;15;-16.3484
12;13;33.9584
12;14;12.9342
12;15;22.9613
4;20;-53.4057
20;14;49.1745
4;23;62.4967
23;13;25.9365
9;4;14.8923
3;48;4.46479
48;13;47.5694
