1;13;14.7116
1;14;68.0683
1;15;33.245
2;13;47.7158
2;14;53.0729
2;15;32.8885
3;13;44.652
3;14;-4.77872
3;15;56.8206
4;13;-7.79138
4;14;-9.11395
4;15;36.0872
5;13;19.93
5;14;1.15655
5;15;25.265
6;13;-3.98381
6;14;-14.0927
6;15;-10.626
7;13;-19.4565
7;14;44.9787
7;15;-7.37781
8;13;39.3211
8;15;63.025
9;13;28.7721
9;14;8.83794
9;15;66.0227
10;13;76.5682
10;14;-18.7326
10;15;-15.2817
11;13;32.7075
11;14;-2.2867
11;15;-1.1799
12;13;-9.04754
12;14;18.7996
12;15;7.29871
6;16;6.68998
16;30;4.24479
30;15;72.3692
9;5;51.0635
8;44;-15.3112
44;14;-6.58154
15;7;-3.64831
