1;13;1.06916
1;15;66.5434
2;13;2.10094
2;14;17.3556
2;15;41.2442
3;13;49.652
3;14;47.4605
3;15;58.2262
4;13;51.9462
4;15;36.0872
5;13;36.3617
5;14;23.4009
5;15;8.0996
6;13;14.3841
6;14;33.2846
6;15;-4.52762
7;13;35.5398
7;14;57.0686
7;15;68.7197
8;13;73.3273
8;14;10.5408
8;15;53.7408
9;13;28.7721
9;14;59.5231
9;15;43.9009
10;13;76.5682
10;14;43.5986
10;15;9.28891
11;13;68.2204
11;15;64.9431
12;13;-19.3995
12;14;27.5806
12;15;64.391
3;11;9.63607
11;35;-79.3488
35;14;16.195
4;42;-7.19089
42;14;-14.114
1;45;-46.3135
45;14;40.6542
