1;13;43.0243
1;14;73.1835
1;15;58.7939
2;13;26.2852
2;14;3.42934
2;15;53.8534
3;13;75.2662
3;14;74.8911
3;15;48.7861
4;13;61.7014
4;15;38.6743
5;13;62.9201
5;14;27.7551
5;15;-2.10318
6;13;69.3372
6;14;15.036
6;15;53.667
7;13;-1.62346
7;14;25.8039
7;15;58.0224
8;13;56.6448
8;14;28.956
8;15;72.397
9;13;56.1612
9;14;76.3505
9;15;48.4219
10;13;71.0972
10;14;28.2491
10;15;1.5825
11;13;47.2167
11;14;-0.897232
11;15;27.7961
12;15;71.6523
12;35;13.9578
35;13;68.1062
4;36;4.94911
36;14;24.0105
5;9;-48.9026
12;45;-19.8051
45;14;44.1081
3;1;-35.4819
17;5;8.3464
1;11;45.6547
