1;13;53.6901
1;14;-19.7791
1;15;61.4925
2;13;33.703
2;14;19.3097
2;15;28.1124
3;13;-6.56098
3;15;72.8
4;13;25.9365
4;14;49.1745
4;15;61.8804
5;13;32.6827
5;15;78.9483
6;13;33.3253
6;14;23.9207
6;15;51.7779
7;13;37.9765
7;14;20.8417
7;15;-23.585
8;13;54.8942
8;14;29.5235
8;15;44.7672
9;13;-16.9676
9;15;18.7466
10;13;36.8379
10;14;-14.4589
10;15;-16.5693
11;13;62.4659
11;14;54.2311
12;13;28.9584
12;14;12.9342
12;15;22.9613
3;21;51.4563
21;14;-6.64522
9;29;-47.0238
29;14;60.6149
5;30;-21.901
30;14;19.5316
11;45;67.2039
45;15;-16.3484
8;18;34.4966
