1;13;42.5964
1;14;63.6104
1;15;3.63598
2;13;45.3087
2;14;-0.197941
2;15;41.2442
3;13;-9.02673
3;14;17.6412
3;15;14.352
4;13;41.9462
4;14;0.0352364
4;15;60.9355
5;13;62.9013
5;14;23.4009
5;15;-1.9004
6;13;18.5748
6;15;-4.52762
7;13;35.5398
7;14;65.3784
8;13;53.6187
8;14;18.6299
8;15;53.7408
9;14;-14.661
9;15;40.0405
10;13;71.9591
10;14;-9.07666
10;15;60.9785
11;13;49.7848
11;14;11.195
11;15;11.3187
12;14;33.296
12;15;64.391
12;20;50.4743
20;13;-14.3995
9;25;-5.64031
25;13;6.04449
7;36;55.874
36;15;18.0215
46;14;33.2846
6;51;-5.38468
51;46;-57.1557
10;4;-12.8356
