1;13;53.6901
1;14;16.3732
1;15;56.4925
2;13;38.703
2;14;1.91549
2;15;38.1124
3;13;31.4352
3;14;27.6412
3;15;72.8
4;13;16.1917
4;15;56.8804
5;13;0.725668
6;13;46.7908
6;14;21.5835
6;15;10.9247
7;13;37.9765
7;14;25.8417
7;15;-12.991
8;13;54.8942
8;14;77.3728
8;15;49.7672
9;13;-16.9676
9;14;12.3852
9;15;62.6769
10;13;36.8379
10;14;-19.4589
10;15;-16.5693
11;13;82.4499
11;14;59.2311
11;15;34.114
12;13;-16.3673
12;14;12.9342
12;15;22.9613
4;19;-39.6977
8;36;39.4698
36;14;77.3728
5;38;7.29485
38;14;36.2941
5;52;-38.1416
52;15;68.9483
19;53;-11.8506
53;14;-5.56801
12;5;-75.246
