1;13;1.06916
1;15;56.4925
2;13;33.703
2;14;19.3097
2;15;33.1124
3;13;75.2662
3;14;-1.64522
3;15;72.8
4;13;57.5058
4;14;-14.114
4;15;33.6743
5;13;61.9374
5;14;19.5316
5;15;49.7277
6;13;26.6169
6;14;23.9207
6;15;34.0197
7;13;-6.62346
7;14;43.5204
7;15;20.5267
8;13;56.6448
8;14;-5.67759
8;15;44.7672
9;14;-14.5942
9;15;67.054
10;13;36.8379
10;14;-9.45894
10;15;-0.605837
11;14;59.2311
12;13;-15.1174
12;14;6.86843
12;15;46.6707
11;18;-18.8965
18;13;6.58183
5;23;-15.1819
23;13;1.91361
11;49;-39.474
49;15;39.0649
1;51;-56.3331
51;14;-19.7791
