1;13;53.6901
1;14;-19.7791
1;15;56.4925
2;13;33.703
2;14;19.3097
2;15;33.1124
3;13;-11.561
3;14;-6.64522
3;15;67.8
4;13;25.9365
4;15;61.8804
5;13;32.6827
5;14;14.5316
5;15;78.9483
6;13;28.3253
6;14;23.9207
6;15;46.7779
7;14;15.8417
7;15;-18.585
8;13;59.8942
8;15;44.7672
9;13;-21.9676
9;14;65.6149
9;15;18.7466
10;13;41.8379
10;15;-21.5693
11;13;57.4659
11;14;59.2311
11;15;-16.3484
12;13;33.9584
12;15;22.9613
8;23;74.6624
23;14;24.5235
4;24;-63.8098
24;14;44.1745
12;38;5.1781
38;14;17.9342
3;2;-14.9328
10;47;-53.1876
47;14;-14.4589
7;54;-74.5246
54;13;42.9765
6;1;-9.97984
0;10;78.435
