1;13;74.6641
1;15;56.4925
2;13;33.703
2;14;19.3097
2;15;28.1124
3;13;33.0808
3;14;38.8654
3;15;62.8
4;13;25.9365
4;14;49.1745
4;15;56.8804
5;13;32.6827
5;14;19.5316
5;15;78.9483
6;13;33.3253
6;14;1.08244
6;15;51.7779
7;13;32.9765
7;14;52.1006
7;15;71.5221
8;13;54.8942
8;14;78.6467
8;15;78.3596
9;14;34.6431
9;15;71.5181
10;13;63.0012
10;14;-19.4589
10;15;-16.5693
11;13;57.4659
11;14;9.55381
11;15;-16.3484
12;13;33.9584
12;14;-8.77946
12;15;-14.6578
1;24;9.89028
24;14;-19.7791
9;25;-18.4676
25;13;17.9874
5;16;-16.457
