1;13;41.947
1;14;-19.7791
1;15;56.4925
2;13;69.5354
2;14;14.3097
2;15;31.4382
3;15;72.8
4;13;25.9365
4;14;12.5177
4;15;56.8804
5;13;78.4927
5;14;19.5316
5;15;73.9483
6;13;33.3253
6;14;50.2672
6;15;51.7779
7;13;37.9765
7;14;20.8417
7;15;-18.585
8;13;54.8942
8;14;29.5235
8;15;39.7672
9;14;8.83794
9;15;72.3381
10;13;41.8379
10;14;-14.4589
10;15;-16.5693
11;13;57.4659
11;14;64.2311
11;15;-16.3484
12;13;-24.4157
12;14;12.9342
3;23;20.5739
23;14;-6.64522
5;37;19.6185
37;13;32.6827
12;50;-23.829
50;15;11.6867
3;51;-71.3942
51;13;-11.561
9;52;46.5981
52;13;-16.9676
1;10;33.8798
