1;13;48.6901
1;14;-14.7791
1;15;51.4925
2;13;33.703
2;14;9.30973
2;15;28.1124
3;13;-11.561
3;14;-6.64522
3;15;72.8
4;13;25.9365
4;15;56.8804
5;13;32.6827
5;14;14.5316
5;15;78.9483
6;13;33.3253
6;15;51.7779
7;13;32.9765
7;14;20.8417
7;15;-23.585
8;13;54.8942
8;14;24.5235
8;15;44.7672
9;13;-16.9676
9;14;60.6149
9;15;18.7466
10;13;36.8379
10;14;-14.4589
10;15;-21.5693
11;13;52.4659
11;14;59.2311
11;15;-16.3484
12;13;33.9584
12;15;22.9613
6;17;0.774189
17;14;23.9207
4;27;-4.97619
27;14;54.1745
12;28;-13.829
28;14;12.9342
