1;13;32.683
1;15;66.5434
2;13;-9.02223
2;14;22.3556
2;15;31.4382
3;13;68.9813
3;14;41.1411
3;15;33.1033
4;13;39.6341
4;14;-14.114
4;15;58.6747
5;13;36.3617
5;14;4.26258
5;15;-10.6085
6;13;14.3841
6;14;-19.4924
6;15;28.7254
7;13;40.1427
7;14;50.8262
8;13;25.741
8;14;-2.69353
8;15;24.7982
9;13;-0.901644
9;14;59.5231
9;15;72.3381
10;13;81.5682
10;14;-4.46636
10;15;4.48583
11;13;73.2204
11;14;16.6028
11;15;-10.7142
12;13;54.7638
12;14;27.5806
12;15;7.29871
11;0;-25.1509
1;32;12.6947
32;14;40.6542
6;0;9.86402
