1;13;42.5964
1;14;3.1428
1;15;-12.5839
2;13;48.3072
2;14;2.36564
2;15;45.1132
3;13;31.0686
3;14;77.1466
3;15;8.0042
4;13;51.9462
4;14;-9.96476
4;15;20.1188
5;13;27.1483
5;14;39.254
5;15;79.4318
6;13;18.5748
6;15;69.7684
7;13;23.4513
7;14;-18.5421
7;15;18.0215
8;13;18.2167
8;14;10.5408
8;15;3.38917
9;13;6.04449
9;14;44.9659
9;15;28.1936
10;13;71.9591
10;15;-1.74442
11;13;42.1823
11;14;6.19505
11;15;21.3984
12;13;-14.3995
12;15;64.391
6;28;-31.9976
28;14;33.2846
10;30;-70.9889
30;14;48.5986
0;6;-20.132
3;11;-32.1073
