1;13;48.6901
1;14;-19.7791
1;15;56.4925
2;13;33.703
2;14;19.3097
2;15;28.1124
3;13;-11.561
3;14;-6.64522
3;15;72.8
4;13;30.9365
4;14;49.1745
4;15;56.8804
5;13;32.6827
5;14;19.5316
5;15;78.9483
6;13;33.3253
6;14;18.9207
6;15;46.7779
7;13;42.9765
7;14;30.8417
8;13;54.8942
8;14;24.5235
8;15;44.7672
9;13;-16.9676
9;14;60.6149
10;13;36.8379
10;14;-14.4589
10;15;-16.5693
11;13;52.4659
11;14;59.2311
11;15;-16.3484
12;14;12.9342
12;15;22.9613
9;20;73.518
20;15;18.7466
7;28;63.5705
28;15;-18.585
12;38;52.6752
38;13;28.9584
12;5;25.1647
