1;13;53.6901
1;14;-19.7791
1;15;56.4925
2;13;38.703
2;14;19.3097
2;15;18.1124
3;15;72.8
4;13;25.9365
4;14;34.1745
4;15;51.8804
5;13;32.6827
5;14;19.5316
6;13;33.3253
6;14;18.9207
6;15;46.7779
7;13;32.9765
7;14;20.8417
7;15;-23.585
8;13;59.8942
8;14;24.5235
8;15;44.7672
9;13;-16.9676
9;14;60.6149
9;15;23.7466
10;13;31.8379
10;14;-9.45894
10;15;-21.5693
11;13;62.4659
11;15;-16.3484
12;13;38.9584
12;14;12.9342
12;15;37.9613
3;27;56.0796
27;14;-6.64522
5;34;17.367
34;15;78.9483
6;37;34.9531
37;15;51.7779
9;3;-63.7386
11;44;17.2157
44;14;49.2311
0;1;-19.5439
3;47;-68.1163
47;13;-6.56098
