1;13;53.6901
1;15;56.4925
2;13;33.703
2;15;28.1124
3;13;-11.561
3;14;-6.64522
3;15;58.8231
4;13;25.9365
4;14;73.3176
4;15;61.8804
5;13;27.6827
5;14;19.5316
5;15;34.7847
6;13;33.3253
6;15;51.7779
7;13;-11.3404
7;14;20.8417
7;15;-18.585
8;13;54.8942
8;14;24.5235
8;15;44.7672
9;13;-21.9676
9;14;60.6149
9;15;18.7466
10;13;36.8379
10;15;-16.5693
11;13;57.4659
11;14;-0.446192
11;15;-16.3484
12;13;38.9584
12;14;-18.2002
12;15;22.9613
2;22;-15.1681
22;14;19.3097
6;24;63.7141
24;14;28.9207
10;35;-9.11721
35;14;-9.45894
0;15;22.1785
1;55;55.1635
55;14;-14.7791
