1;13;48.6901
1;14;-19.7791
1;15;56.4925
2;13;33.703
2;14;14.3097
2;15;28.1124
3;13;-6.56098
3;14;-1.64522
3;15;72.8
4;13;30.9365
4;14;49.1745
4;15;61.8804
5;13;32.6827
5;14;19.5316
5;15;73.9483
6;13;33.3253
6;14;23.9207
6;15;51.7779
7;13;37.9765
7;15;-18.585
8;13;49.8942
8;14;24.5235
8;15;44.7672
9;13;-21.9676
9;15;28.7466
10;13;41.8379
10;15;-16.5693
11;13;57.4659
11;14;59.2311
11;15;-16.3484
12;13;33.9584
12;14;12.9342
12;15;22.9613
7;16;44.7429
16;14;20.8417
10;37;-68.9659
37;14;-14.4589
9;53;54.824
53;14;60.6149
