1;13;59.3753
1;14;12.6097
1;15;12.612
2;13;59.2995
2;14;14.6645
2;15;17.7805
3;13;-5.71112
3;14;52.6628
3;15;79.9241
4;13;7.91775
4;14;-28.4301
4;15;30.9179
5;13;56.9374
5;15;16.2115
6;13;23.0434
6;14;54.113
6;15;30.5339
7;13;30.0019
7;15;36.106
8;13;-14.7557
8;14;-10.6776
8;15;1.95841
9;13;47.6144
9;14;49.6635
9;15;74.0837
10;13;62.5895
10;14;10.8257
10;15;18.845
11;13;57.2706
11;14;47.5771
11;15;39.0649
12;13;-15.1174
12;14;29.7613
12;15;74.6811
7;18;-1.38932
18;14;26.7274
3;4;6.17246
10;1;-45.8843
5;40;31.2354
40;14;48.8687
7;16;-7.1209
