1;13;58.6901
1;14;-24.7791
1;15;56.4925
2;13;33.703
2;14;19.3097
2;15;33.1124
3;13;-16.561
3;14;-6.64522
3;15;72.8
4;13;25.9365
4;15;56.8804
5;13;32.6827
5;14;19.5316
5;15;78.9483
6;13;33.3253
6;14;23.9207
6;15;51.7779
7;14;20.8417
7;15;-18.585
8;13;54.8942
8;14;19.5235
8;15;44.7672
9;14;60.6149
9;15;18.7466
10;13;36.8379
10;14;-14.4589
10;15;-16.5693
11;13;57.4659
11;14;59.2311
11;15;-16.3484
12;13;33.9584
12;14;17.9342
12;15;17.9613
9;17;65.3517
17;13;-11.9676
4;28;72.2559
28;26;58.8066
7;49;70.0163
49;13;37.9765
26;54;-74.6499
54;14;49.1745
