1;13;-19.7172
1;14;58.6104
1;15;8.87516
2;13;33.703
2;14;-12.6764
3;13;-4.99012
3;14;47.4605
3;15;58.2262
4;13;0.297697
4;14;-13.1874
4;15;20.1188
5;13;11.5658
5;14;23.4009
5;15;4.35277
6;13;33.3253
6;14;33.2846
6;15;55.5581
7;13;26.1848
7;14;-13.5421
7;15;62.0146
8;13;18.2167
8;14;41.4227
9;14;44.9659
9;15;71.7395
10;13;71.9591
10;14;2.46433
11;13;49.7848
11;14;64.4113
11;15;-10.7142
12;13;24.7123
12;14;33.296
12;15;59.391
10;29;-23.8761
29;15;24.1743
8;41;-57.7599
41;15;-7.45315
9;47;-47.0941
47;13;11.0445
8;7;16.1639
