1;13;53.6901
1;14;-14.7791
2;13;33.703
2;14;19.3097
2;15;28.1124
3;14;-6.64522
3;15;62.8
4;13;25.9365
4;14;44.1745
4;15;56.8804
5;13;32.6827
5;14;19.5316
5;15;78.9483
6;13;33.3253
6;15;51.7779
7;13;27.9765
7;14;20.8417
7;15;-18.585
8;13;59.8942
8;14;24.5235
8;15;44.7672
9;13;-16.9676
9;15;18.7466
10;13;36.8379
10;14;-14.4589
10;15;-16.5693
11;13;57.4659
11;14;59.2311
11;15;-16.3484
12;14;17.9342
12;15;22.9613
3;17;50.5081
17;13;-11.561
9;20;5.61545
20;14;60.6149
1;29;41.1529
29;15;61.4925
12;39;28.2421
39;13;33.9584
6;47;17.6331
47;14;13.9207
16;10;-59.5827
