1;13;61.2679
1;14;17.6097
1;15;12.612
2;13;62.1842
2;14;15.6162
2;15;33.0193
3;13;53.5346
3;14;12.9309
3;15;70.6507
4;14;-13.4301
4;15;45.9179
5;13;61.9374
5;15;16.2115
6;13;18.0434
6;14;50.2672
6;15;30.5339
7;13;30.0019
7;14;45.2935
7;15;10.1974
8;13;-4.75571
8;14;-5.67759
8;15;-13.0416
9;14;79.4697
9;15;74.0837
10;13;62.5895
10;14;76.3092
10;15;28.845
11;13;16.5818
11;15;-7.10483
12;13;11.356
12;15;64.6811
4;16;37.6553
16;13;7.91775
11;20;18.4452
20;14;-9.79897
9;22;7.14216
22;13;42.6144
12;32;83.4486
32;14;74.5005
0;9;-8.56587
5;55;12.9416
55;14;43.8687
0;6;-56.9019
