1;13;36.947
1;14;68.6104
1;15;-15.2258
2;13;2.10094
2;14;-0.197941
2;15;23.0193
3;13;52.3975
3;14;31.4393
3;15;75.9716
4;13;30.9365
4;14;-14.8315
4;15;66.1265
5;14;42.8702
5;15;3.0996
6;13;18.5748
6;14;33.2846
7;13;35.5398
7;14;20.8417
7;15;41.106
8;13;54.8942
8;14;-18.6839
8;15;53.7408
9;14;33.0552
10;13;71.9591
10;14;20.724
11;13;69.7055
11;14;64.4113
11;15;39.0649
12;13;21.7174
12;14;6.86843
12;15;64.391
19;15;34.0197
10;26;68.1422
9;35;1.61007
35;15;32.0674
26;61;-51.3747
61;15;6.45525
7;8;-15.6257
6;65;-26.6848
65;19;-66.385
