1;13;58.6901
1;14;-19.7791
1;15;51.4925
2;13;33.703
2;14;14.3097
2;15;28.1124
3;13;-11.561
3;14;-6.64522
3;15;67.8
4;13;25.9365
4;14;49.1745
4;15;56.8804
5;13;27.6827
5;15;78.9483
6;13;33.3253
6;14;23.9207
6;15;56.7779
7;13;32.9765
7;14;20.8417
7;15;-18.585
8;13;49.8942
8;14;24.5235
8;15;44.7672
9;13;-16.9676
9;14;60.6149
9;15;18.7466
10;13;36.8379
10;14;-14.4589
10;15;-16.5693
11;13;57.4659
11;14;59.2311
11;15;-11.3484
12;14;12.9342
12;15;22.9613
8;2;-10.0191
12;29;75.6918
29;13;38.9584
2;6;-16.9026
9;12;54.0741
5;38;62.8366
38;14;19.5316
16;14;-43.7475
