1;13;53.6901
1;14;-19.7791
1;15;51.4925
2;13;33.703
2;14;19.3097
2;15;28.1124
3;13;-16.561
3;14;-6.64522
3;15;72.8
4;13;25.9365
4;14;34.1745
4;15;56.8804
5;13;32.6827
6;13;33.3253
6;14;23.9207
6;15;51.7779
7;13;37.9765
7;14;20.8417
7;15;-18.585
8;13;49.8942
8;14;24.5235
8;15;44.7672
9;13;-16.9676
9;14;65.6149
9;15;23.7466
10;13;36.8379
10;14;-19.4589
10;15;-16.5693
11;13;57.4659
11;14;59.2311
11;15;-21.3484
12;15;27.9613
24;15;78.9483
12;31;2.86507
31;14;12.9342
12;41;-42.452
41;13;33.9584
5;54;-6.62503
54;24;31.7708
5;59;19.6384
59;14;19.5316
13;2;-69.5395
