1;13;65.9479
1;14;-19.7791
1;15;51.4925
2;13;33.703
2;15;28.1124
3;13;-11.561
3;14;58.4295
4;13;25.9365
4;14;49.1745
4;15;46.8804
5;13;-2.33308
5;14;79.4196
5;15;74.6925
6;13;37.5747
6;14;-4.1413
6;15;39.6196
7;13;47.0024
7;14;10.8417
7;15;-18.585
8;13;54.8942
8;14;24.5235
8;15;73.1014
9;13;28.1733
9;14;12.3852
9;15;71.7395
10;13;36.8379
10;14;39.5963
10;15;-16.5693
11;13;57.4659
11;14;59.2311
11;15;-16.3484
12;13;-19.4157
12;14;12.9342
12;15;17.9613
3;27;56.5352
27;15;5.42952
2;39;-75.5069
39;14;19.3097
