1;14;-24.7791
1;15;56.4925
2;13;33.703
2;15;28.1124
3;13;-11.561
3;14;-6.64522
3;15;72.8
4;14;44.1745
4;15;61.8804
5;13;32.6827
5;14;24.5316
5;15;78.9483
6;13;28.3253
6;14;23.9207
6;15;51.7779
7;13;32.9765
7;14;20.8417
7;15;-18.585
8;13;54.8942
8;14;24.5235
8;15;44.7672
9;13;-16.9676
9;14;60.6149
9;15;18.7466
10;13;36.8379
10;14;-14.4589
10;15;-11.5693
11;13;57.4659
11;15;-16.3484
12;13;33.9584
12;14;7.93417
12;15;22.9613
4;16;8.10587
16;13;25.9365
1;18;3.24502
18;13;48.6901
10;12;-66.1594
2;41;-48.1747
41;14;14.3097
11;50;71.6658
50;14;59.2311
