1;13;42.5964
1;14;68.1835
1;15;5.81565
2;13;52.0952
2;14;8.42934
2;15;36.2442
3;13;-9.02673
3;14;47.4605
3;15;63.2262
4;13;-3.40258
4;14;24.0105
4;15;68.0075
5;13;11.5658
5;14;13.0337
5;15;3.0996
6;13;69.3372
6;14;20.036
6;15;53.667
7;13;75.6468
7;14;38.864
7;15;18.0215
8;13;65.8676
8;15;72.397
9;13;6.04449
9;14;44.9659
9;15;35.2316
10;13;76.0972
10;14;23.2491
10;15;1.5825
11;13;49.7848
11;14;21.195
11;15;-5.234
12;13;-19.3995
12;14;33.296
12;15;64.391
8;30;-52.6735
30;14;5.5408
5;8;0.643035
5;2;37.5801
