1;13;53.6901
1;14;-19.7791
2;13;33.703
2;14;24.3097
2;15;38.1124
3;13;-11.561
3;14;-15.5271
3;15;72.8
4;13;25.9365
4;14;12.5177
4;15;56.8804
5;13;-7.33308
5;14;19.5316
5;15;78.9483
6;13;33.3253
6;14;23.9207
6;15;51.7779
7;13;32.9765
7;14;70.9512
7;15;-18.585
8;13;54.8942
8;14;70.4782
8;15;44.7672
9;13;3.44413
9;14;60.6149
9;15;18.7466
10;13;36.8379
10;14;-14.4589
10;15;-16.5693
11;13;62.7391
11;14;59.2311
11;15;-21.3484
12;13;17.7997
12;14;12.9342
12;15;64.613
1;22;28.6418
22;40;-37.5694
40;15;56.4925
