1;13;48.6901
1;14;-24.7791
1;15;56.4925
2;13;33.703
2;15;28.1124
3;13;-11.561
3;14;-6.64522
4;13;30.9365
4;14;44.1745
4;15;56.8804
5;13;32.6827
5;14;19.5316
5;15;73.9483
6;13;33.3253
6;14;23.9207
6;15;51.7779
7;14;20.8417
7;15;-23.585
8;13;54.8942
8;14;29.5235
8;15;44.7672
9;13;-11.9676
9;14;60.6149
9;15;18.7466
10;13;36.8379
10;14;-14.4589
10;15;-16.5693
11;13;57.4659
11;14;59.2311
11;15;-16.3484
12;13;28.9584
12;14;12.9342
12;15;17.9613
7;31;-3.56977
31;13;37.9765
2;32;-30.3025
32;14;19.3097
3;44;-11.0744
44;15;72.8
13;0;1.08918
