1;13;53.6901
1;14;-14.7791
1;15;56.4925
2;13;33.703
2;14;19.3097
2;15;33.1124
3;13;-11.561
3;14;-11.6452
3;15;72.8
4;13;30.9365
4;14;49.1745
4;15;56.8804
5;13;32.6827
5;14;19.5316
5;15;78.9483
6;13;33.3253
6;15;46.7779
7;13;37.9765
7;15;-18.585
8;13;54.8942
8;15;44.7672
9;13;-16.9676
9;15;18.7466
10;13;36.8379
10;14;-14.4589
10;15;-16.5693
11;13;57.4659
11;14;54.2311
11;15;-16.3484
12;13;33.9584
12;14;17.9342
12;15;22.9613
8;28;-57.9579
28;14;19.5235
7;29;43.1061
29;14;20.8417
9;31;25.3149
31;14;60.6149
6;33;-33.5641
33;58;74.2207
58;14;23.9207
