1;13;49.337
1;14;40.6542
1;15;56.4925
2;13;38.703
2;14;1.91549
2;15;28.1124
3;13;-11.561
3;14;-15.5271
3;15;72.8
4;13;62.1331
4;14;-14.114
4;15;56.8804
5;13;32.6827
5;14;19.5316
5;15;38.6115
6;13;33.3253
7;13;37.9765
7;14;38.864
7;15;79.9994
8;13;-0.650732
8;14;18.6299
8;15;-3.04159
9;13;-16.9676
9;15;76.7395
10;13;33.2514
10;14;25.724
10;15;1.5825
11;13;51.7092
11;14;59.2311
11;15;-11.3484
12;13;19.5684
12;14;25.569
12;15;74.6811
9;16;7.52139
16;14;59.5231
6;24;44.3246
24;14;23.9207
6;32;-28.5
32;15;43.667
12;34;63.1739
34;13;33.9584
11;40;-4.46795
40;13;52.4659
16;12;12.0498
