1;13;53.6901
1;14;35.2485
1;15;-12.5839
2;13;53.2654
2;14;57.2426
2;15;53.6462
3;13;43.9458
3;14;2.17258
3;15;33.1033
4;13;34.6107
4;14;-4.47981
4;15;42.8871
5;13;32.1483
5;14;39.254
5;15;4.35277
6;13;25.0918
6;14;13.6351
6;15;44.452
7;13;37.9765
7;14;73.7714
7;15;61.7747
8;13;19.3928
8;14;11.6653
8;15;-5.50538
9;13;14.154
9;14;48.4677
9;15;71.7395
10;13;10.4956
10;14;-6.09992
10;15;1.82569
11;13;77.6798
11;14;-7.0024
11;15;-3.68685
12;13;49.4091
12;14;-8.77946
12;15;46.6707
9;3;1.48131
6;0;-4.95052
