1;13;15.9095
1;14;40.6542
1;15;37.943
2;13;-9.02223
2;14;19.3097
2;15;28.1124
3;13;-11.561
3;14;42.9899
3;15;72.8
4;13;15.9365
4;14;-19.114
4;15;56.8804
5;13;27.6585
5;14;19.5316
5;15;-18.1089
6;13;33.3253
6;14;23.9207
6;15;46.7779
7;13;37.9765
7;14;20.8417
7;15;68.7197
8;13;-10.1163
8;14;19.5235
8;15;24.7982
9;13;-16.9676
9;14;50.6149
9;15;-3.6032
10;13;76.5682
10;14;15.7193
10;15;9.28891
11;13;73.2204
11;14;16.6028
11;15;-16.3484
12;13;33.9584
12;14;12.9342
12;15;22.9613
1;11;29.6596
2;12;-71.5515
8;2;5.37608
