1;13;30.7561
1;14;21.3732
1;15;41.3161
2;13;31.2852
2;14;-12.6764
2;15;0.490643
3;13;56.7512
3;14;74.8911
4;13;50.6995
4;14;69.756
4;15;33.6743
5;13;16.0788
5;14;-19.4591
5;15;58.3282
6;13;52.4386
6;14;68.4318
6;15;74.3081
7;14;25.8039
7;15;-15.0838
8;13;35.741
8;14;70.4782
8;15;60.4641
9;13;-0.901644
9;15;13.1846
10;13;34.4885
10;14;-11.5589
10;15;13.2896
11;13;77.4499
11;14;-0.897232
11;15;14.0026
12;13;-6.82979
12;14;-5.57537
12;15;76.6523
3;21;-44.7691
21;15;45.0222
9;31;-28.0645
31;14;27.3894
