1;13;53.6901
1;14;-19.7791
1;15;56.4925
2;13;38.703
2;14;19.3097
2;15;33.1124
3;13;-11.561
3;14;-6.64522
3;15;72.8
4;13;25.9365
4;14;49.1745
4;15;56.8804
5;13;37.6827
5;14;19.5316
5;15;83.9483
6;13;33.3253
6;15;56.7779
7;13;37.9765
7;14;25.8417
7;15;-18.585
8;13;54.8942
8;14;24.5235
8;15;49.7672
9;13;-21.9676
9;15;23.7466
10;13;41.8379
10;14;-24.4589
10;15;-16.5693
11;13;62.4659
11;14;64.2311
11;15;-16.3484
12;13;38.9584
12;14;12.9342
12;15;22.9613
6;17;58.2893
17;14;18.9207
9;33;-43.6546
33;14;55.6149
9;11;-7.81916
