1;13;53.6901
1;15;61.4925
2;13;28.703
2;15;23.1124
3;13;-11.561
3;14;-11.6452
3;15;72.8
4;13;30.9365
4;14;44.1745
4;15;66.8804
5;13;27.6827
5;14;24.5316
5;15;88.9483
6;13;33.3253
6;14;23.9207
6;15;46.7779
7;13;37.9765
7;15;-23.585
8;13;44.8942
8;14;24.5235
8;15;39.7672
9;13;-21.9676
9;14;55.6149
9;15;23.7466
10;13;36.8379
10;14;-14.4589
10;15;-16.5693
11;15;-11.3484
12;13;33.9584
12;14;12.9342
12;15;32.9613
11;19;64.475
19;13;57.4659
11;23;-75.6697
23;14;54.2311
26;14;19.3097
1;31;23.1613
31;14;-19.7791
7;35;65.0229
35;14;20.8417
44;26;79.561
2;0;-5.11944
2;59;8.60324
59;44;-64.2725
19;16;-79.7632
