1;13;53.6901
1;14;-19.7791
1;15;56.4925
2;14;19.3097
2;15;33.1124
3;13;-11.561
3;14;-6.64522
3;15;72.8
4;13;25.9365
4;14;44.1745
4;15;56.8804
5;13;37.6827
5;14;19.5316
5;15;73.9483
6;13;33.3253
6;14;23.9207
6;15;51.7779
7;13;37.9765
7;14;20.8417
7;15;-18.585
8;13;54.8942
8;15;44.7672
9;13;-21.9676
9;15;23.7466
10;13;36.8379
10;14;-14.4589
10;15;-26.5693
11;13;57.4659
11;14;59.2311
11;15;-16.3484
12;13;33.9584
12;14;12.9342
12;15;22.9613
2;27;38.7918
27;13;43.703
9;28;-39.0739
28;14;60.6149
10;7;-66.7974
8;29;-3.27131
29;14;19.5235
11;4;75.2824
12;6;-0.43649
8;2;57.2236
