1;13;53.6901
1;14;-19.7791
1;15;56.4925
2;13;33.703
2;14;19.3097
2;15;33.1124
3;14;-6.64522
3;15;67.8
4;13;25.9365
4;14;44.1745
4;15;56.8804
5;15;78.9483
6;13;33.3253
6;14;18.9207
6;15;46.7779
7;13;37.9765
7;14;20.8417
8;13;54.8942
8;14;19.5235
8;15;44.7672
9;13;-21.9676
9;14;60.6149
9;15;23.7466
10;13;41.8379
10;14;-14.4589
10;15;-16.5693
11;13;57.4659
11;14;59.2311
12;13;33.9584
12;14;12.9342
12;15;22.9613
11;16;48.0203
16;15;-16.3484
5;24;5.5372
24;14;19.5316
3;25;-39.5243
25;13;-11.561
7;28;76.378
28;15;-18.585
5;42;-12.607
42;13;37.6827
11;18;-0.427023
