1;13;53.6901
1;14;-19.7791
1;15;56.4925
2;13;33.703
2;14;19.3097
2;15;53.6462
3;13;-11.561
3;14;12.9309
3;15;-3.28346
4;13;25.9365
4;14;-11.1735
4;15;24.8322
5;13;37.6827
5;14;73.6349
5;15;79.6925
6;13;33.3253
6;14;23.9207
6;15;51.7779
7;13;53.0677
7;14;44.8545
7;15;-23.585
8;13;54.8942
8;14;24.5235
8;15;44.7672
9;13;30.8369
9;14;60.6149
9;15;18.7466
10;13;30.7617
10;14;-14.4589
10;15;-16.5693
11;13;36.6165
11;14;59.2311
11;15;-16.3484
12;13;21.7174
12;14;12.9342
12;15;42.5596
12;20;-42.0851
20;13;33.9584
9;0;25.4367
