1;13;35.7561
1;14;22.6199
1;15;32.0118
2;13;0.622789
2;14;-12.6764
2;15;12.6013
3;13;57.936
3;14;22.6412
3;15;47.6554
4;13;57.1331
4;14;75.8957
4;15;58.6747
5;13;43.7906
5;14;-19.4591
5;15;58.3282
6;14;9.36781
7;13;66.5535
7;14;52.1006
7;15;57.7828
8;13;58.6187
8;14;18.6299
8;15;50.7909
9;13;22.6555
9;14;33.0552
9;15;71.5181
10;13;76.5682
10;14;-4.46636
10;15;18.2896
11;13;51.1355
11;14;64.4113
12;13;-16.3673
12;14;-14.8492
12;15;57.8257
16;14;49.0502
6;17;64.2417
17;15;-8.53322
6;25;31.9932
25;13;8.428
11;31;-56.3336
31;15;-2.10483
1;40;20.0479
40;16;37.6553
12;7;-23.6897
