1;13;49.337
1;14;39.0502
1;15;56.4925
2;13;42.3194
2;14;19.3097
2;15;28.1124
3;14;8.77364
3;15;65.6507
4;13;25.9365
4;14;22.7397
4;15;56.8804
5;13;14.93
5;14;14.5316
5;15;-0.788142
6;13;18.0434
6;14;23.9207
6;15;44.452
7;13;13.899
7;14;50.8262
7;15;-13.585
8;13;72.0693
8;14;47.8878
8;15;70.4177
9;13;0.66791
9;14;40.6149
9;15;67.6769
10;13;67.5895
10;14;10.7193
10;15;-21.5693
11;13;57.4659
11;14;59.2311
11;15;8.54351
12;13;33.9584
12;14;12.9342
12;15;22.9613
3;17;42.4578
17;13;-11.561
4;44;57.9143
44;12;-32.0418
