1;13;33.7638
1;14;8.10594
1;15;41.3046
2;13;34.2789
2;14;-1.57066
2;15;53.8534
3;14;17.6235
3;15;53.6828
4;13;73.342
4;14;29.4407
4;15;12.1047
5;13;62.9201
5;14;13.0337
5;15;51.3254
6;13;39.4497
6;14;78.4752
6;15;25.2122
7;15;68.7197
8;13;55.8676
8;14;-25.3635
8;15;72.397
9;13;19.8437
9;14;49.491
9;15;48.4219
10;13;71.0972
10;14;27.0564
10;15;-13.3045
11;13;10.1763
11;14;72.0128
11;15;8.54601
12;13;1.64569
12;16;-7.70934
16;14;44.1081
3;22;1.41006
3;22;-61.5905
3;22;42.1754
22;13;33.2218
22;13;33.2218
22;13;13.3119
7;31;-37.163
31;13;69.0233
7;37;36.049
37;14;40.148
15;61;-47.2108
61;18;19.7468
