1;13;70.9479
1;14;-19.7791
2;13;33.703
2;14;8.42934
2;15;28.1124
3;13;51.7512
3;14;19.9924
3;15;72.8
4;13;48.4757
4;14;44.1745
4;15;56.8804
5;14;19.5316
5;15;68.9483
6;13;28.3253
6;14;6.18834
6;15;51.7779
7;13;37.9765
7;14;25.8417
7;15;48.3098
8;13;27.4063
8;14;23.956
8;15;44.7672
9;13;22.6555
9;15;18.7466
10;13;76.7694
10;14;20.724
10;15;-16.5693
11;13;57.4659
11;14;13.1479
11;15;-21.3484
12;13;7.9137
12;15;22.9613
1;25;-66.4227
11;30;-10.0796
30;15;11.3187
5;42;-16.9167
42;13;27.4774
12;54;61.8764
54;14;12.9342
59;15;61.4925
25;61;-61.5629
61;69;63.026
69;59;19.7596
17;12;65.0373