1;13;53.6901
1;14;-19.7791
1;15;49.2076
2;13;26.2852
2;14;1.91549
2;15;28.1124
3;13;31.4352
3;14;74.8911
3;15;72.8
4;13;25.9365
4;14;49.1745
4;15;56.8804
5;13;37.6827
5;14;24.5316
5;15;78.9483
6;13;33.3253
6;14;23.9207
6;15;51.7779
7;13;37.9765
7;14;20.8417
7;15;-23.585
8;13;54.8942
8;14;65.4782
8;15;44.7672
9;13;-16.9676
9;14;-9.66098
9;15;62.6769
10;13;36.8379
10;14;-19.4589
11;13;57.4659
11;14;-0.897232
11;15;-16.3484
12;13;-6.82979
12;14;12.9342
12;15;22.9613
10;29;78.4436
29;13;36.8379
10;11;17.9119
10;42;52.7846
42;15;-16.5693
10;0;70.5635
