1;13;49.337
1;14;19.4097
1;15;3.63598
2;13;19.4388
2;14;1.91549
2;15;12.6013
3;13;31.4352
3;14;43.8654
3;15;78.4845
4;13;-14.9534
4;14;-10.568
4;15;-6.39254
5;13;21.0788
5;14;-19.4591
5;15;58.3282
6;13;8.428
6;14;9.36781
6;15;15.9247
7;13;23.899
7;14;52.1006
7;15;-15.0838
8;13;53.6187
8;14;18.6299
8;15;45.7909
9;13;17.6555
9;14;-9.66098
9;15;66.5181
10;13;76.7694
10;14;-4.07666
11;13;10.1763
11;14;60.2604
11;15;16.3187
12;13;-6.82979
12;14;25.569
12;15;33.2342
18;14;78.6644
10;33;58.4808
33;45;45.6237
45;15;18.2896
5;59;63.3603
59;18;-61.8716
1;0;-57.4964
