1;13;63.6901
1;14;-14.7791
1;15;56.4925
2;13;33.703
2;14;14.3097
2;15;23.1124
3;13;-11.561
3;14;-6.64522
3;15;72.8
4;13;25.9365
4;14;49.1745
4;15;56.8804
5;13;32.6827
5;14;19.5316
5;15;78.9483
6;13;33.3253
6;14;23.9207
6;15;56.7779
7;13;37.9765
7;14;20.8417
7;15;-23.585
8;13;54.8942
8;14;24.5235
8;15;44.7672
9;14;60.6149
9;15;18.7466
10;13;41.8379
10;14;-14.4589
10;15;-16.5693
11;13;57.4659
11;14;59.2311
11;15;-16.3484
12;14;12.9342
12;15;22.9613
9;18;-9.84596
18;13;-11.9676
12;22;-78.0368
22;13;38.9584
1;2;-44.0341
0;12;-35.6437
12;1;-40.7799
11;1;33.0941
16;13;-53.8721
