1;14;-29.7791
1;15;61.4925
2;13;38.703
2;14;19.3097
2;15;28.1124
3;13;-11.561
3;14;-1.64522
3;15;77.8
4;13;25.9365
4;14;44.1745
4;15;56.8804
5;13;32.6827
5;14;19.5316
5;15;73.9483
6;13;38.3253
6;15;46.7779
7;13;27.9765
7;14;15.8417
7;15;-18.585
8;13;54.8942
8;15;44.7672
9;13;-16.9676
9;14;55.6149
9;15;18.7466
10;13;36.8379
10;14;-14.4589
10;15;-16.5693
11;13;62.4659
11;15;-16.3484
12;13;33.9584
12;14;2.93417
12;15;22.9613
6;31;-16.1896
11;33;9.93811
33;14;64.2311
1;34;8.50005
34;13;58.6901
8;45;-9.74436
45;14;34.5235
9;1;29.8676
31;58;39.116
58;14;23.9207
12;3;-64.0208
