1;13;53.6901
1;14;-19.7791
1;15;56.4925
2;13;33.703
2;15;33.1124
3;13;-11.561
3;14;-6.64522
3;15;72.8
4;13;25.9365
4;15;56.8804
5;13;32.6827
5;14;14.5316
5;15;78.9483
6;13;33.3253
6;15;51.7779
7;13;32.9765
7;14;20.8417
7;15;-23.585
8;13;54.8942
8;14;24.5235
8;15;44.7672
9;13;-11.9676
9;14;65.6149
9;15;18.7466
10;13;36.8379
10;14;-14.4589
10;15;-26.5693
11;13;57.4659
11;14;64.2311
11;15;-16.3484
12;13;33.9584
12;14;12.9342
12;15;22.9613
6;20;2.50364
20;14;18.9207
4;40;-16.1317
40;14;49.1745
2;47;26.412
47;14;19.3097
