1;14;44.0502
2;13;52.0952
2;14;8.42934
2;15;53.8534
3;14;55.9735
3;15;43.7861
4;13;-3.40258
4;14;32.021
4;15;35.9179
5;13;-13.0094
5;14;13.0337
5;15;26.142
6;13;69.3372
6;14;15.036
6;15;48.667
7;13;-14.8061
7;14;26.7274
7;15;79.9994
8;13;77.0693
8;14;28.956
8;15;77.397
9;13;-1.47548
9;14;61.4767
9;15;67.054
10;13;71.0972
10;14;-19.5838
10;15;-3.4175
11;13;65.0252
11;14;-1.96277
12;13;-15.1174
12;17;-8.60744
17;14;39.1081
1;12;-7.61998
3;20;-39.6977
20;13;58.5346
11;22;-15.6044
22;15;-8.68685
1;32;18.6148
32;15;7.61199
1;45;56.8032
45;13;23.7638
6;7;-9.9204
