1;13;59.3753
1;14;44.0502
2;13;54.2995
2;15;53.8534
3;13;43.9979
3;14;10.4049
3;15;70.6507
4;14;24.0105
4;15;40.9179
5;13;61.9374
5;14;8.03371
5;15;16.2115
6;13;69.3372
6;14;15.036
6;15;30.5339
7;13;75.6468
7;14;33.864
7;15;45.7304
8;13;77.0693
8;14;47.8878
8;15;77.397
9;13;8.52452
9;14;61.4767
9;15;74.0837
10;13;62.5895
10;14;28.2491
10;15;28.845
11;13;57.2706
11;14;72.0128
11;15;-2.10483
12;13;-15.1174
12;14;59.5005
12;15;23.1953
1;17;-70.0208
12;6;-33.9876
2;27;-9.24145
27;14;13.4293
4;32;-26.6761
32;13;7.91775
11;6;61.0666
0;5;34.2654
17;45;-0.326525
45;15;2.61199
