1;13;53.6901
1;14;-14.7791
1;15;56.4925
2;13;33.703
2;14;24.3097
2;15;28.1124
3;13;-16.561
3;14;-6.64522
3;15;72.8
4;13;25.9365
4;14;49.1745
4;15;56.8804
5;13;37.6827
5;15;78.9483
6;13;33.3253
6;14;28.9207
6;15;46.7779
7;13;37.9765
7;15;-18.585
8;13;54.8942
8;14;24.5235
8;15;44.7672
9;13;-16.9676
9;15;23.7466
10;13;36.8379
10;14;-14.4589
11;13;57.4659
11;14;59.2311
11;15;-21.3484
12;13;33.9584
12;14;7.93417
12;15;22.9613
5;21;4.51019
10;22;-62.0436
22;15;-11.5693
9;30;-70.5422
30;14;65.6149
7;41;17.1292
41;14;20.8417
21;58;-32.9596
58;14;24.5316
