1;13;53.6901
1;14;-19.7791
1;15;61.4925
2;13;33.703
2;14;19.3097
3;13;-11.561
3;14;19.9924
3;15;67.8
4;13;25.9365
4;14;37.6971
4;15;56.8804
5;14;19.5316
5;15;78.9483
6;13;33.3253
6;14;23.9207
6;15;55.5581
7;13;37.9765
7;14;20.8417
8;13;54.8942
8;14;66.0587
8;15;44.7672
9;13;-16.9676
9;15;71.7395
10;13;36.8379
10;14;-14.4589
10;15;-16.5693
11;13;57.4659
11;14;59.2311
11;15;-16.3484
12;13;33.9584
12;14;-18.2002
12;15;22.9613
2;37;52.5728
37;15;28.1124
1;38;-30.6776
38;15;51.4925
5;40;18.4256
40;13;32.6827
