1;13;53.6901
1;14;-19.7791
1;15;51.4925
2;13;33.703
2;14;19.3097
2;15;28.1124
3;13;-6.56098
3;14;-6.64522
3;15;67.8
4;13;25.9365
4;14;44.1745
4;15;56.8804
5;13;32.6827
5;14;19.5316
5;15;78.9483
6;13;28.3253
6;15;56.7779
7;13;37.9765
7;14;20.8417
7;15;-18.585
8;13;54.8942
8;15;44.7672
9;13;-16.9676
9;15;33.7466
10;13;36.8379
10;14;-14.4589
10;15;-21.5693
11;13;57.4659
11;14;54.2311
11;15;-16.3484
12;13;28.9584
12;14;12.9342
12;15;32.9613
30;14;29.5235
9;31;-67.5525
31;14;60.6149
6;35;70.9192
35;14;28.9207
10;3;-24.9527
11;59;-64.2542
59;12;-19.5833
8;60;24.633
60;30;-1.11266
