1;13;53.6901
1;14;-19.7791
1;15;61.4925
2;13;43.703
2;14;14.3097
2;15;28.1124
3;13;-16.561
3;15;77.8
4;13;20.9365
4;14;49.1745
4;15;61.8804
5;13;32.6827
5;15;78.9483
6;13;33.3253
6;14;23.9207
6;15;51.7779
7;13;32.9765
7;14;20.8417
8;13;54.8942
8;14;24.5235
8;15;44.7672
9;13;-16.9676
9;15;23.7466
10;13;41.8379
10;14;-14.4589
10;15;-16.5693
11;13;57.4659
11;14;54.2311
11;15;-16.3484
12;15;27.9613
3;16;53.2077
16;14;-11.6452
12;23;9.92011
23;13;33.9584
9;25;-74.057
25;14;65.6149
5;29;-27.1005
29;14;24.5316
12;33;-4.66153
7;47;-16.4213
47;15;-18.585
6;5;-3.60619
33;63;39.4426
63;14;12.9342
