1;13;53.6901
1;14;-19.7791
1;15;56.4925
2;13;33.703
2;14;19.3097
2;15;33.1124
3;14;-6.64522
3;15;72.8
4;13;20.9365
4;15;56.8804
5;13;32.6827
5;15;78.9483
6;13;33.3253
6;14;18.9207
6;15;51.7779
7;13;37.9765
7;14;25.8417
7;15;-18.585
8;13;49.8942
8;14;24.5235
8;15;44.7672
9;13;-16.9676
9;14;60.6149
9;15;23.7466
10;13;36.8379
10;14;-14.4589
10;15;-16.5693
11;13;57.4659
11;14;59.2311
11;15;-21.3484
12;13;33.9584
12;14;12.9342
12;15;17.9613
3;24;-18.7148
24;13;-11.561
4;29;69.1193
29;14;54.1745
5;30;22.6579
30;14;19.5316
11;12;-55.6184
