1;13;53.6901
1;14;-14.7791
1;15;61.4925
2;13;33.703
2;14;19.3097
2;15;28.1124
3;13;-1.56098
3;14;-6.64522
3;15;72.8
4;13;25.9365
4;14;44.1745
4;15;61.8804
5;13;27.6827
5;14;14.5316
5;15;73.9483
6;13;33.3253
6;14;23.9207
6;15;51.7779
7;13;37.9765
7;14;20.8417
7;15;-18.585
8;13;54.8942
8;14;24.5235
8;15;49.7672
9;13;-16.9676
9;15;18.7466
10;13;36.8379
10;14;-14.4589
10;15;-16.5693
11;13;57.4659
11;14;64.2311
11;15;-16.3484
12;13;33.9584
12;15;22.9613
2;12;9.9629
9;23;63.1739
23;14;60.6149
12;33;-69.0828
33;14;12.9342
8;2;-25.8719
11;16;7.55946
