1;14;12.6097
1;15;-15.2258
2;13;57.1842
2;14;15.6162
2;15;41.2442
3;13;-5.71112
3;14;47.4605
3;15;53.2262
4;13;55.6143
4;14;-14.8315
4;15;79.2352
5;13;2.99838
5;14;37.8702
5;15;3.0996
6;13;18.5748
6;14;33.2846
6;15;34.0197
7;13;47.2988
7;14;55.2935
8;13;-9.75571
8;14;10.5408
8;15;-8.04159
9;13;42.6144
9;15;32.0674
10;13;71.9591
10;14;48.5986
10;15;1.45525
11;13;49.7848
11;14;11.195
11;15;39.0649
12;13;-19.3995
12;14;34.7613
12;15;74.6811
1;22;79.309
22;13;56.2679
7;46;30.1715
46;15;36.106
9;54;-44.4667
54;14;49.9659
2;1;1.57835
