1;13;63.6901
1;14;-14.7791
1;15;56.4925
2;13;33.703
2;14;24.3097
2;15;28.1124
3;14;-6.64522
3;15;72.8
4;13;25.9365
4;14;49.1745
4;15;56.8804
5;13;27.6827
5;14;19.5316
6;13;28.3253
6;15;51.7779
7;13;37.9765
7;14;20.8417
7;15;-18.585
8;13;59.8942
8;14;19.5235
8;15;44.7672
9;13;-16.9676
9;15;18.7466
10;13;36.8379
10;14;-14.4589
10;15;-16.5693
11;13;57.4659
11;14;59.2311
11;15;-16.3484
12;14;12.9342
12;15;22.9613
3;28;-24.0934
28;13;-11.561
12;8;-5.96184
12;34;-35.7751
34;13;38.9584
5;37;49.5505
37;15;78.9483
6;42;-39.4665
42;14;23.9207
51;14;60.6149
7;2;-53.2689
9;58;57.8137
58;51;-19.2946
