1;13;53.6901
1;14;-14.7791
1;15;56.4925
2;13;33.703
2;14;14.3097
2;15;28.1124
3;13;-11.561
3;14;-6.64522
3;15;77.8
4;13;25.9365
4;14;49.1745
4;15;56.8804
5;13;32.6827
5;15;78.9483
6;13;33.3253
6;14;23.9207
6;15;46.7779
7;13;37.9765
7;15;-18.585
8;13;54.8942
8;14;19.5235
9;13;-16.9676
9;14;60.6149
9;15;18.7466
10;13;31.8379
10;14;-14.4589
10;15;-16.5693
11;13;52.4659
11;14;59.2311
11;15;-21.3484
12;13;33.9584
12;14;12.9342
12;15;22.9613
7;32;9.76933
32;14;20.8417
5;42;17.8662
42;14;19.5316
9;5;-62.8994
6;2;-4.9018
8;54;40.9508
54;15;34.7672
