1;13;42.5964
1;14;68.6104
1;15;15.8157
2;13;2.10094
2;14;-0.197941
3;13;-9.02673
3;14;39.2692
3;15;58.8231
4;13;51.9462
4;14;0.0352364
4;15;20.1188
5;13;11.5658
5;14;23.4009
5;15;4.35277
6;13;23.5748
6;14;33.2846
6;15;-4.52762
7;13;35.5398
7;14;-18.5421
8;13;18.2167
8;14;10.5408
8;15;53.7408
9;13;6.04449
9;14;44.9659
9;15;43.9009
10;13;71.9591
11;13;54.7848
11;14;11.195
11;15;44.5889
12;13;-19.3995
12;14;33.296
12;15;64.391
2;20;-14.9436
20;15;41.2442
14;8;-11.1172
7;24;-32.3773
24;15;18.0215
10;37;-14.0186
37;43;71.4681
43;15;60.9785
10;46;31.0266
46;14;48.5986
9;3;36.1765
