1;13;23.7638
1;14;73.1835
1;15;66.5434
2;13;47.0952
2;14;-5.19794
2;15;41.2442
3;13;44.652
3;14;52.4605
3;15;53.2262
4;13;1.59742
4;14;10.0352
4;15;10.1188
5;13;11.5658
5;14;13.0337
5;15;2.89682
6;13;14.3841
6;14;33.2846
6;15;-4.52762
7;13;35.5398
7;14;-23.5421
8;14;-2.69353
8;15;53.7408
9;14;66.4767
9;15;48.4219
10;13;76.9591
10;14;28.2491
10;15;1.5825
11;13;49.7848
11;14;11.195
11;15;-0.233998
12;13;-19.3995
12;14;28.296
12;15;64.391
9;26;-51.0148
26;13;11.0445
6;10;-2.11863
7;57;67.1495
57;15;18.0215
