1;13;53.6901
1;15;56.4925
2;13;33.703
2;14;14.3097
2;15;23.1124
3;13;-11.561
3;14;-1.64522
3;15;72.8
4;13;25.9365
4;14;49.1745
4;15;56.8804
5;13;32.6827
5;14;19.5316
5;15;83.9483
6;13;33.3253
6;14;23.9207
6;15;41.7779
7;13;37.9765
7;15;-18.585
8;13;49.8942
8;14;24.5235
8;15;44.7672
9;13;-16.9676
9;14;60.6149
9;15;23.7466
10;13;36.8379
10;14;-9.45894
10;15;-16.5693
11;13;57.4659
11;14;59.2311
11;15;-16.3484
12;13;33.9584
12;14;12.9342
12;15;17.9613
12;8;35.7393
9;5;-60.0593
7;41;1.59845
41;14;20.8417
30;53;-4.32278
53;14;-19.7791
1;55;-13.3651
55;30;7.75852
2;17;8.21762
