1;13;53.6901
1;14;-14.7791
1;15;61.4925
2;13;33.703
2;14;19.3097
2;15;28.1124
3;13;-6.56098
3;14;-6.64522
3;15;72.8
4;13;30.9365
4;14;49.1745
4;15;56.8804
5;13;32.6827
5;14;19.5316
5;15;78.9483
6;13;33.3253
6;14;23.9207
6;15;51.7779
7;13;37.9765
7;14;20.8417
7;15;-23.585
8;13;54.8942
8;14;24.5235
8;15;44.7672
9;13;-21.9676
10;13;41.8379
10;14;-14.4589
10;15;-16.5693
11;13;57.4659
11;14;54.2311
11;15;-16.3484
12;14;12.9342
12;15;27.9613
9;24;3.19671
24;15;23.7466
12;34;-9.83771
34;13;23.9584
9;47;21.0466
52;14;50.6149
12;5;-3.13914
12;10;-7.47069
47;66;64.5184
66;52;64.4297
