1;13;7.8777
1;14;-19.7791
1;15;-7.32997
2;13;20.2576
2;14;8.42934
2;15;5.49064
3;13;51.7512
3;14;55.7294
3;15;45.0222
4;13;48.4757
4;14;37.6971
4;15;62.8622
5;13;33.2441
5;14;31.2941
5;15;78.9483
6;13;67.7384
6;15;72.5377
7;13;-11.3404
7;14;38.864
7;15;14.4943
8;13;34.8481
8;14;66.0587
8;15;70.4641
9;13;-16.9676
9;14;21.0164
9;15;39.6952
10;13;63.0012
10;14;6.71185
10;15;6.5825
11;13;75.0252
12;13;23.766
12;14;-0.575373
12;15;45.0066
11;38;6.21196
38;14;72.0128
47;14;6.18834
49;15;42.948
0;6;79.4725
6;55;-66.508
55;47;-75.0909
11;58;41.7299
58;49;-12.4105
