1;13;53.6901
1;14;-19.7791
1;15;56.4925
2;13;28.703
2;14;24.3097
2;15;28.1124
3;14;-1.64522
3;15;67.8
4;13;25.9365
4;14;54.1745
4;15;56.8804
5;13;37.6827
5;14;19.5316
5;15;78.9483
6;13;28.3253
6;14;23.9207
6;15;46.7779
7;13;42.9765
7;14;20.8417
8;13;54.8942
8;14;29.5235
8;15;44.7672
9;13;-6.9676
9;15;23.7466
10;13;36.8379
10;14;-14.4589
10;15;-21.5693
11;13;52.4659
11;15;-16.3484
12;13;33.9584
12;15;22.9613
12;19;-44.6594
19;14;7.93417
9;22;-32.2885
22;14;60.6149
7;24;78.6461
24;15;-18.585
11;16;7.95645
11;34;-52.6843
34;14;59.2311
3;48;1.24595
48;13;-11.561
4;3;-7.00159
