1;13;53.6901
1;14;55.7282
1;15;56.4925
2;13;33.703
2;14;-0.197941
2;15;28.1124
3;13;58.5346
3;14;42.4605
3;15;56.8206
4;13;30.9365
4;14;44.1745
4;15;56.8804
5;13;11.5658
5;14;19.5316
5;15;78.9483
6;13;33.3253
6;14;28.9207
6;15;51.7779
7;13;37.9765
7;14;43.5204
7;15;-18.585
8;13;54.8942
8;14;24.5235
8;15;44.7672
9;13;-21.9676
9;14;16.0164
9;15;71.7395
10;13;31.8379
10;14;26.272
10;15;-16.5693
11;13;67.4659
11;14;57.741
11;15;-16.3484
12;13;33.9584
12;14;10.7469
12;15;42.5596
7;18;30.4968
18;14;20.8417
