1;13;58.6901
1;14;3.1428
1;15;56.4925
2;13;33.703
2;14;19.3097
2;15;28.1124
3;13;31.0686
3;14;-11.6452
3;15;77.8
4;13;25.9365
4;14;39.1745
4;15;56.8804
5;13;27.1483
5;14;19.5316
5;15;78.9483
6;13;33.3253
6;15;64.7684
7;13;42.9765
7;14;20.8417
8;13;39.8481
8;15;54.7672
9;13;47.5476
9;14;71.4767
9;15;18.7466
10;13;76.5682
10;15;-16.5693
11;13;42.1823
11;14;-10.9136
11;15;-16.8735
12;13;44.5984
12;14;17.9342
12;15;79.6811
8;19;-25.5415
19;14;19.5235
7;21;-65.2826
21;15;-13.585
6;35;-60.9948
35;14;28.9207
11;42;-63.2228
42;14;59.2311
10;44;-4.3657
44;14;-19.4589
17;14;-59.6645
13;17;-4.92363
6;7;6.58581
