1;13;23.7638
1;14;73.1835
1;15;10.8157
2;14;-0.197941
2;15;36.2442
3;14;47.4605
3;15;53.2262
4;13;1.59742
4;14;0.0352364
4;15;20.1188
5;13;16.5658
5;14;8.03371
5;15;2.89682
6;13;74.3372
6;14;43.2846
6;15;43.667
7;14;-18.5421
7;15;40.7304
8;13;70.8676
8;14;15.5408
8;15;72.397
9;13;19.8437
9;15;30.2316
10;13;71.9591
10;14;33.2491
10;15;1.5825
11;13;70.0252
11;14;11.195
11;15;-0.233998
12;13;-19.3995
12;14;38.296
12;15;69.391
3;17;-42.9176
17;13;43.9979
7;21;45.2049
21;13;75.6468
2;24;4.99394
9;55;14.8848
55;14;44.9659
24;57;23.8245
57;13;52.0952
