1;13;58.6901
1;14;-24.7791
1;15;56.4925
2;13;33.703
2;14;19.3097
2;15;28.1124
3;13;-11.561
3;14;-11.6452
3;15;72.8
4;13;30.9365
4;15;61.8804
5;13;37.6827
5;14;24.5316
5;15;73.9483
6;13;33.3253
6;15;56.7779
7;13;32.9765
8;13;54.8942
8;14;19.5235
8;15;39.7672
9;13;-16.9676
9;15;23.7466
10;13;36.8379
10;14;-14.4589
10;15;-21.5693
11;13;57.4659
11;14;59.2311
11;15;-11.3484
12;13;28.9584
12;14;12.9342
12;15;22.9613
9;19;40.8383
19;14;60.6149
6;26;-23.692
26;14;23.9207
7;40;44.8087
40;14;20.8417
7;46;62.8929
46;15;-23.585
4;51;78.9147
51;14;44.1745
2;6;-8.06297
