1;13;59.3753
1;14;64.8023
1;15;7.61199
2;13;8.7181
2;14;-5.17697
2;15;12.7805
3;14;67.0053
3;15;12.5884
4;13;34.7723
4;14;-8.18736
4;15;62.8622
5;13;43.7906
5;14;-1.79971
5;15;70.8109
6;13;18.0434
6;14;54.113
6;15;30.5339
7;13;65.6826
7;14;70.9512
7;15;18.6669
8;13;11.8191
8;14;-2.58643
8;15;1.50661
9;13;-1.47548
9;15;77.538
10;13;62.5895
10;15;28.845
11;13;77.6798
11;14;-14.799
11;15;30.1835
12;13;49.4091
12;14;-18.2002
12;15;64.613
9;16;9.92905
16;14;16.0164
10;18;-20.5788
18;14;16.7118
3;33;-8.24177
33;13;47.5694
