1;13;-18.8319
1;14;68.6344
2;13;26.2852
2;14;-5.17697
2;15;48.7527
3;13;47.5694
3;14;67.0053
3;15;74.9086
4;13;51.9462
4;14;-8.70357
4;15;67.8622
5;13;1.91361
5;14;9.64403
5;15;25.2681
6;13;18.5748
6;14;-4.1413
6;15;26.125
7;13;65.6826
7;14;70.9512
7;15;18.0215
8;13;70.6111
8;14;-2.58643
8;15;-1.23068
9;13;9.71679
9;14;44.9659
9;15;71.7395
10;13;71.9591
11;13;42.2167
11;14;22.8799
11;15;-18.6095
12;14;6.86843
12;15;69.613
10;16;0.57093
16;15;35.4448
12;22;53.1865
22;13;49.4091
10;32;-30.6235
32;14;16.7118
1;53;-75.7369
53;15;53.7939
