1;13;53.6901
1;14;-14.7791
1;15;56.4925
2;13;33.703
2;14;19.3097
3;13;-6.56098
3;14;-6.64522
4;13;25.9365
4;15;56.8804
5;13;32.6827
5;14;19.5316
5;15;78.9483
6;13;33.3253
6;14;23.9207
6;15;51.7779
7;13;32.9765
7;14;20.8417
7;15;-13.585
8;13;54.8942
8;14;24.5235
8;15;44.7672
9;13;-16.9676
9;14;60.6149
10;13;41.8379
10;14;-14.4589
10;15;-11.5693
11;13;52.4659
11;14;59.2311
11;15;-16.3484
12;14;12.9342
12;15;22.9613
9;17;-75.6502
17;15;13.7466
4;23;15.3195
23;14;49.1745
5;0;-0.948713
12;24;15.2093
24;13;33.9584
3;28;-11.7667
28;15;72.8
9;0;6.42816
2;36;18.4419
36;15;23.1124
