1;13;7.66309
1;14;-19.7791
1;15;32.0118
2;13;78.9541
2;14;24.3097
2;15;47.532
3;13;-11.561
3;14;-6.64522
3;15;14.352
4;13;5.44325
4;14;49.1745
4;15;61.8804
5;13;32.6827
5;14;19.5316
5;15;78.9483
6;13;23.3253
6;14;23.9207
6;15;51.7779
7;13;9.28856
7;14;20.8417
7;15;32.6691
8;13;-3.23516
8;14;31.7471
8;15;-5.46269
9;13;-16.9676
9;14;21.3894
9;15;32.3745
10;13;36.8379
10;14;2.46433
10;15;-16.5693
11;13;57.4659
11;14;54.2311
11;15;-13.2392
12;14;12.9342
12;15;28.3742
10;17;71.9155
17;13;36.8379
7;25;3.79256
25;15;-23.585
12;39;-11.8536
39;13;33.9584
11;42;-8.70809
42;14;59.2311
7;44;43.4286
44;13;42.9765
