1;13;48.6901
1;14;-19.7791
1;15;56.4925
2;13;28.703
2;15;28.1124
3;13;-6.56098
3;15;72.8
4;13;25.9365
4;14;49.1745
4;15;56.8804
5;13;27.6827
5;14;19.5316
5;15;78.9483
6;13;28.3253
6;14;28.9207
6;15;51.7779
7;13;37.9765
7;14;25.8417
7;15;-18.585
8;13;54.8942
8;14;24.5235
8;15;44.7672
9;13;-16.9676
9;15;18.7466
10;14;-14.4589
10;15;-16.5693
11;13;57.4659
11;14;59.2311
11;15;-16.3484
12;13;33.9584
12;14;12.9342
12;15;22.9613
10;17;-59.3887
17;13;36.8379
22;14;65.6149
2;25;9.76252
25;14;19.3097
9;32;-14.3142
32;22;-19.7184
4;6;18.9123
3;46;-5.66917
46;14;-1.64522
