1;13;42.5964
1;14;68.0683
1;15;68.8433
2;13;-8.91368
2;14;10.6162
2;15;23.0193
3;13;-6.59338
3;14;60.9735
3;15;69.9241
4;13;5.2977
4;14;-14.8315
4;15;-17.1768
5;13;2.99838
5;14;7.75519
5;15;20.265
6;13;23.5748
6;14;10.8247
6;15;23.3758
7;13;72.3414
7;14;-18.5421
8;13;21.1949
8;14;-6.58154
8;15;-12.9443
9;13;3.52452
9;14;-14.5942
9;15;28.6585
10;13;66.7197
10;14;-3.7326
10;15;6.45525
11;13;44.3892
11;15;-16.5284
12;14;28.296
12;15;44.6191
8;6;35.4302
12;25;18.2421
25;13;12.7997
7;43;39.7708
43;15;79.9994
