1;13;53.6901
1;15;51.4925
2;13;28.703
2;14;14.3097
2;15;28.1124
3;13;-16.561
3;14;-11.6452
3;15;77.8
4;13;30.9365
4;14;44.1745
4;15;61.8804
5;13;37.6827
5;14;24.5316
5;15;73.9483
6;13;33.3253
6;14;18.9207
6;15;51.7779
7;13;37.9765
7;15;-18.585
8;13;54.8942
8;15;44.7672
9;13;-16.9676
9;15;28.7466
10;13;36.8379
10;14;-14.4589
10;15;-21.5693
11;13;57.4659
11;14;54.2311
11;15;-21.3484
12;13;28.9584
12;14;7.93417
12;15;22.9613
8;18;70.1355
18;14;19.5235
1;24;73.2019
24;14;-14.7791
9;45;64.5184
45;14;60.6149
11;7;30.4097
7;59;-3.81078
59;14;25.8417
4;16;18.534
0;17;19.1038
7;9;1.14307
