1;13;53.6901
1;14;-19.7791
1;15;56.4925
2;13;33.703
2;14;19.3097
2;15;33.1124
3;13;-11.561
3;14;-1.64522
3;15;72.8
4;13;25.9365
4;15;56.8804
5;13;42.6827
5;14;19.5316
5;15;78.9483
6;14;23.9207
6;15;51.7779
7;13;37.9765
7;14;20.8417
7;15;-18.585
8;13;59.8942
8;14;19.5235
8;15;39.7672
9;13;-21.9676
9;14;55.6149
9;15;18.7466
10;13;36.8379
10;14;-9.45894
10;15;-16.5693
11;13;57.4659
11;15;-16.3484
12;13;33.9584
12;14;7.93417
12;15;22.9613
6;40;57.6103
40;13;33.3253
4;44;17.554
44;14;49.1745
11;46;-9.99583
46;14;64.2311
11;12;-69.7227
0;16;-2.8039
