1;13;49.337
1;15;27.0325
2;13;8.7181
2;14;1.91549
2;15;9.93241
3;13;-9.99012
3;15;14.352
4;13;-19.9534
4;14;-3.18736
4;15;55.9355
5;13;78.4927
5;14;9.64403
6;13;5.25347
6;14;-4.1413
6;15;6.4692
7;13;52.0024
7;15;48.3098
8;14;11.6653
8;15;-5.9662
9;13;3.44413
9;14;-9.66098
9;15;45.0405
10;13;71.7694
10;14;-14.0767
10;15;11.5882
11;13;72.6798
11;14;25.5442
11;15;11.3187
12;13;24.7123
12;15;59.613
5;24;-59.1943
24;15;70.8109
3;27;-3.18449
27;14;22.6412
8;28;-14.9592
28;13;6.81908
7;33;53.4522
33;14;67.7056
1;39;-39.3878
39;14;64.8023
9;7;11.1312
1;11;-15.8711
11;5;37.74
