1;13;32.683
1;14;24.4097
1;15;-1.36402
2;13;5.62279
2;14;1.91549
2;15;31.4382
3;13;68.9813
3;14;22.6412
3;15;33.1033
4;13;62.1331
4;14;-5.56801
4;15;53.6747
5;13;14.3959
5;14;88.6644
5;15;-15.6085
6;13;8.428
6;14;-19.4924
6;15;20.9247
7;13;23.899
7;14;50.8262
7;15;48.3098
8;14;26.7471
8;15;-12.1742
9;13;-5.90164
9;14;23.3648
9;15;77.3381
10;13;76.7694
10;14;-11.5589
10;15;4.48583
11;13;46.1355
11;14;60.2604
11;15;-10.7142
12;13;19.5684
12;14;25.569
12;15;33.2342
7;1;22.5612
8;44;50.3949
44;13;30.741
