1;13;53.6901
1;14;-14.7791
1;15;56.4925
2;13;28.703
2;14;19.3097
2;15;28.1124
3;14;-11.6452
3;15;72.8
4;13;25.9365
4;14;49.1745
4;15;56.8804
5;13;37.6827
5;14;19.5316
5;15;78.9483
6;13;33.3253
6;14;23.9207
6;15;51.7779
7;13;37.9765
7;14;20.8417
7;15;-13.585
8;13;54.8942
8;14;24.5235
8;15;44.7672
9;13;-16.9676
9;15;28.7466
10;13;36.8379
10;14;-14.4589
10;15;-21.5693
11;13;57.4659
11;14;54.2311
11;15;-11.3484
12;14;12.9342
12;15;22.9613
25;13;-21.561
9;27;52.8169
12;31;66.7384
31;13;23.9584
27;37;-8.73432
37;14;60.6149
3;45;1.12619
45;25;-72.6236
