1;13;53.6901
1;14;-19.7791
2;13;33.703
2;14;19.3097
2;15;28.1124
3;13;-11.561
3;14;32.9899
3;15;39.5045
4;13;25.9365
4;14;49.1745
4;15;63.8723
5;13;37.6827
5;15;40.9729
6;13;33.3253
6;14;23.9207
6;15;51.7779
7;13;42.9765
7;15;-12.991
8;13;54.8942
8;14;-2.69353
8;15;39.7672
9;14;7.54909
9;15;43.9009
10;13;41.8379
10;14;-14.4589
10;15;-16.5693
11;13;57.4659
11;14;59.2311
11;15;-16.3484
12;13;-11.3673
12;14;12.9342
12;15;22.9613
12;25;77.2328
25;13;33.9584
6;3;-32.741
5;32;35.1088
32;14;4.26258
1;40;-26.0581
40;15;51.4925
7;42;-75.2201
42;14;25.8417
9;48;33.0526
48;13;28.1733
