1;13;53.6901
1;14;-24.7791
1;15;56.4925
2;13;33.703
2;14;19.3097
2;15;28.1124
3;13;-11.561
4;13;25.9365
4;14;49.1745
4;15;61.8804
5;13;32.6827
5;15;78.9483
6;13;33.3253
6;14;23.9207
6;15;56.7779
7;13;32.9765
7;14;20.8417
7;15;-13.585
8;13;54.8942
8;14;24.5235
8;15;44.7672
9;13;-26.9676
9;15;18.7466
10;13;36.8379
10;14;-9.45894
10;15;-16.5693
11;14;59.2311
11;15;-6.3484
12;13;33.9584
12;14;12.9342
12;15;22.9613
11;19;64.3263
19;13;57.4659
5;27;-36.0689
27;14;19.5316
9;29;-5.18325
29;14;60.6149
34;15;72.8
3;43;-1.1884
43;34;-56.9481
3;52;-64.2777
52;14;-6.64522
