1;14;-9.44237
1;15;39.2076
2;13;-7.89906
2;14;16.2154
2;15;7.03205
3;13;32.6523
3;14;8.77364
3;15;45.7643
4;13;74.7001
4;14;10.4285
4;15;78.8723
5;13;47.8463
5;14;23.4009
5;15;-5.78814
6;13;67.3979
6;14;29.8144
6;15;44.452
7;13;20.0985
7;14;6.15703
7;15;47.3996
8;13;-20.1163
8;14;41.4227
8;15;64.8942
9;13;67.3301
9;14;9.10533
10;13;76.7694
10;14;-11.5589
10;15;-6.09418
11;13;78.9553
11;14;-12.3247
11;15;73.8134
12;13;-2.72779
12;14;7.82075
12;15;57.8257
13;11;-56.8444
10;38;-76.1095
38;14;-11.5589
