1;14;-19.7791
1;15;51.4925
2;13;28.703
2;14;19.3097
2;15;28.0193
3;13;-11.561
3;14;-6.64522
3;15;72.8
4;13;25.9365
4;14;49.1745
4;15;56.8804
5;13;32.6827
5;15;78.9483
6;13;33.3253
6;14;23.9207
6;15;39.0197
7;13;37.9765
7;14;25.8417
7;15;-18.585
8;13;54.8942
8;14;-0.677588
8;15;44.7672
9;13;-16.9676
9;15;18.7466
10;13;36.8379
10;14;-14.4589
10;15;-16.5693
11;13;57.4659
11;14;64.2311
11;15;3.54351
12;13;33.9584
12;14;12.9342
12;18;-60.4929
18;15;22.9613
9;25;2.64209
25;14;60.6149
1;29;3.398
29;13;41.947
2;34;9.40858
34;14;24.3097
5;54;-43.1035
54;13;32.6827
