1;13;58.6901
1;14;35.6542
1;15;7.61199
2;13;43.703
2;14;24.6645
2;15;12.7805
3;13;57.936
3;14;47.6628
3;15;78.4845
4;13;0.433094
4;14;-8.18736
4;15;61.8804
5;13;73.4927
5;14;9.26258
5;15;26.2115
6;13;33.3253
6;14;0.858705
6;15;46.7779
7;13;37.9765
7;14;62.7056
8;13;24.9105
8;14;47.8878
9;13;-16.9676
9;14;69.6618
9;15;72.538
10;13;62.5895
10;14;39.5963
10;15;-26.5693
11;13;67.4659
11;14;-14.799
11;15;-16.3484
12;13;-20.1174
12;14;-14.8492
12;15;59.613
2;16;-0.539951
16;15;28.1124
11;29;-33.4063
29;14;-12.0024
12;35;-7.27976
35;14;12.9342
12;3;-51.3423
7;44;38.5953
44;15;68.7197
3;54;19.1892
54;79;-24.3641
79;14;-21.6452
