1;13;53.6901
1;14;-14.7791
1;15;56.4925
2;13;28.703
2;14;24.3097
2;15;33.1124
3;13;-6.56098
3;14;-11.6452
3;15;67.8
4;13;25.9365
4;15;61.8804
5;13;27.6827
5;14;14.5316
5;15;78.9483
6;13;38.3253
6;14;18.9207
6;15;56.7779
7;13;37.9765
7;14;20.8417
7;15;-3.58498
8;13;54.8942
8;14;24.5235
8;15;44.7672
9;13;-21.9676
9;14;60.6149
9;15;23.7466
10;13;41.8379
10;14;-14.4589
10;15;-16.5693
11;13;57.4659
11;14;59.2311
12;13;33.9584
12;14;12.9342
12;15;17.9613
0;9;25.897
11;20;10.9152
20;15;-11.3484
4;24;57.8932
24;14;44.1745
11;10;38.5584
16;6;-65.7583
2;9;-4.59973
9;16;-44.8305
