1;13;61.2679
1;14;70.0772
1;15;66.5434
2;13;43.9199
2;14;-5.17697
2;15;-0.0997276
3;13;-5.71112
3;14;26.4393
3;15;53.8231
4;13;57.5058
4;14;-4.47981
4;15;79.2352
5;13;36.3617
5;15;33.6115
6;13;14.3841
6;14;-19.0927
6;15;34.0197
7;13;-3.77313
7;14;44.8545
7;15;36.106
8;14;-5.67759
8;15;24.7982
9;13;4.71679
9;14;54.6635
9;15;48.9009
10;13;81.5682
10;14;76.3092
10;15;9.28891
11;13;11.5818
11;14;17.8799
11;15;-6.45649
12;13;16.7174
12;14;22.5806
12;15;74.6811
5;28;-16.6433
28;14;-8.70888
8;42;67.5167
42;13;-9.75571
8;11;23.9824
