1;13;59.3753
1;14;49.0502
1;15;7.61199
2;13;59.2995
2;14;29.6645
2;15;76.7405
3;13;43.9458
3;14;47.6628
3;15;70.6507
4;13;-6.50976
4;14;32.021
4;15;-12.1768
5;13;61.9374
5;14;38.8687
5;15;16.2115
6;13;61.9677
6;15;30.5339
7;13;-14.8061
7;14;-4.21929
7;15;79.9994
8;13;77.0693
8;14;68.9956
8;15;1.50661
9;13;3.52452
9;14;74.4697
9;15;74.0837
10;13;62.5895
10;15;28.845
11;13;57.2706
11;14;-6.96277
11;15;-2.10483
12;13;-15.1174
12;14;71.3027
12;15;42.5596
10;16;5.50765
16;14;5.82569
6;37;17.9124
37;14;37.3319
