1;13;37.5964
1;14;49.0502
1;15;8.63598
2;13;59.2995
2;14;24.6645
2;15;72.5379
3;13;68.9813
3;14;47.6628
3;15;47.6554
4;13;51.9462
4;15;70.9355
5;13;11.5658
5;14;4.26258
5;15;32.1261
6;13;8.428
6;14;33.2846
6;15;30.5339
7;14;25.8417
7;15;18.0215
8;13;23.2167
8;14;13.6299
8;15;-1.23068
9;13;-16.9676
9;15;74.0837
10;13;81.9591
10;14;-9.07666
10;15;-12.3005
11;13;57.2706
11;14;16.6028
12;13;33.9584
12;14;28.296
12;15;43.2342
1;22;12.9562
22;15;3.63598
4;45;2.09381
45;14;37.6971
7;51;2.33037
51;13;30.0019
9;53;-63.4568
4;3;10.5974
9;12;-17.6489
0;18;-68.0695
