1;13;53.6901
1;14;-19.7791
1;15;40.9106
2;13;33.703
2;14;19.3097
2;15;28.1124
3;13;54.0438
3;14;-6.64522
3;15;72.0914
4;13;25.9365
4;14;45.313
4;15;56.8804
5;13;33.2441
5;14;19.5316
5;15;68.9483
6;13;33.3253
6;14;23.9207
6;15;51.7779
7;13;-8.87244
7;14;25.8417
7;15;-18.585
8;13;54.8942
8;14;24.5235
8;15;49.7672
9;13;-16.9676
9;15;18.7466
10;13;36.8379
10;14;-24.4589
10;15;-16.5693
11;13;62.7391
11;14;59.2311
11;15;-21.3484
12;13;33.9584
12;15;71.893
12;36;47.078
9;51;40.6362
51;14;8.83794
36;57;41.5613
57;14;12.9342
