1;13;54.5008
1;14;44.5602
1;15;73.081
2;13;-11.1472
2;14;4.4327
2;15;-24.6927
3;13;50.091
3;14;31.8151
3;15;48.7861
4;13;21.9144
4;14;24.0105
4;15;1.98534
5;13;31.0349
5;14;-15.15
5;15;22.5995
6;13;18.4658
6;14;43.7656
6;15;48.667
7;13;-5.6018
7;14;52.1006
8;13;-10.1163
8;14;60.3227
8;15;72.397
9;13;19.8437
9;14;61.2947
9;15;48.4219
10;13;9.08287
10;14;68.5014
10;15;73.0854
11;13;75.0252
11;14;82.0128
11;15;70.0896
12;13;-16.3673
12;14;2.26024
12;15;57.8257
12;25;-15.8503
25;14;5.74689
0;3;-75.5694
11;28;-17.3334
28;13;75.0252
11;32;15.0969
32;62;10.7806
62;14;82.0128
