1;13;63.6901
1;14;-19.7791
1;15;51.4925
2;13;28.703
2;14;24.3097
2;15;13.1124
3;13;-11.561
4;13;30.9365
4;15;56.8804
5;13;32.6827
5;14;19.5316
5;15;78.9483
6;13;38.3253
6;14;18.9207
6;15;46.7779
7;13;32.9765
7;14;38.864
7;15;-18.585
8;13;44.8942
8;15;49.7672
9;14;55.6149
9;15;28.7466
10;13;36.8379
10;14;-9.45894
10;15;-21.5693
11;13;62.4659
11;14;59.2311
11;15;-16.3484
12;13;33.9584
12;14;12.9342
12;15;22.9613
10;23;2.46177
23;14;-14.4589
9;28;-13.1057
28;13;-11.9676
3;36;-38.7316
36;15;67.8
12;1;19.7931
8;47;2.32483
47;14;24.5235
12;5;61.4412
4;10;1.76988