1;13;41.9596
1;14;8.10594
1;15;60.9686
2;13;27.6355
2;14;5.9237
2;15;-3.98653
3;13;72.1551
3;15;56.8206
4;13;-7.97573
4;14;1.72996
4;15;43.3585
5;13;33.8175
5;14;47.8068
5;15;29.5444
6;13;39.4497
6;14;78.4752
6;15;-8.53322
7;13;-5.83974
7;14;51.6247
7;15;60.9371
8;13;16.8664
8;14;13.2182
8;15;-14.6561
9;13;-9.85458
9;14;73.6754
9;15;62.6769
10;13;55.9208
10;14;-7.45251
10;15;53.5307
11;13;54.2903
11;14;54.5071
11;15;71.9482
12;14;21.2483
12;15;62.2875
9;18;-18.248
18;14;4.44127
4;37;-21.6872
37;13;21.6501
