1;13;23.7638
1;14;-19.7791
1;15;78.081
2;13;33.703
2;14;8.42934
2;15;53.8534
3;13;-11.561
3;14;-6.64522
3;15;48.7861
4;13;25.9365
4;14;44.1745
4;15;68.0075
5;13;62.9201
5;14;13.0337
5;15;78.9483
6;13;69.3372
6;14;15.036
6;15;56.7779
7;13;37.9765
7;14;38.864
7;15;-18.585
8;13;54.8942
8;14;23.956
8;15;72.397
9;13;-16.9676
9;14;60.6149
9;15;48.4219
10;13;71.0972
10;14;33.2491
10;15;1.5825
11;13;52.4659
11;14;59.2311
11;15;-5.234
12;13;63.1062
12;14;44.1081
12;15;22.9613
12;4;-55.2489
11;10;49.367
14;1;-0.741236
