1;13;58.6901
1;14;-19.7791
1;15;56.4925
2;13;38.703
2;14;24.3097
2;15;28.1124
3;14;-11.6452
3;15;72.8
4;13;20.9365
4;14;44.1745
4;15;56.8804
5;13;32.6827
5;14;19.5316
5;15;73.9483
6;13;28.3253
6;14;28.9207
6;15;51.7779
7;13;42.9765
7;14;15.8417
7;15;-13.585
8;13;54.8942
8;14;39.5235
8;15;44.7672
9;13;-26.9676
9;15;23.7466
10;13;36.8379
10;15;-16.5693
11;13;52.4659
11;15;-11.3484
12;13;28.9584
12;14;7.93417
12;15;22.9613
3;21;-13.6059
21;13;-11.561
10;22;7.20299
22;14;-14.4589
11;33;71.0948
9;44;-29.2429
44;14;55.6149
33;46;-68.1501
9;6;-41.3
9;18;50.7177
46;60;11.4262
60;14;59.2311
20;16;-56.0837
