1;13;53.6901
1;14;-19.7791
1;15;61.4925
2;13;33.703
2;14;19.3097
2;15;28.1124
3;13;-11.561
3;14;-6.64522
3;15;72.8
4;13;25.9365
4;14;49.1745
4;15;51.8804
5;13;32.6827
5;14;19.5316
5;15;83.9483
6;13;33.3253
6;14;18.9207
6;15;51.7779
7;13;32.9765
7;14;20.8417
7;15;-13.585
8;13;54.8942
8;15;39.7672
9;13;-16.9676
9;14;60.6149
9;15;23.7466
10;13;36.8379
10;14;-14.4589
10;15;-16.5693
11;13;52.4659
11;15;-21.3484
12;13;33.9584
12;14;12.9342
12;15;37.9613
8;41;16.8081
41;14;24.5235
11;44;-13.9483
44;14;59.2311
1;9;1.42644
