1;13;58.6901
1;14;-19.7791
1;15;51.4925
2;13;33.703
2;14;19.3097
2;15;23.1124
3;13;-11.561
3;14;-1.64522
3;15;67.8
4;13;35.9365
4;15;56.8804
5;13;37.6827
5;14;19.5316
5;15;73.9483
6;13;38.3253
6;14;23.9207
6;15;56.7779
7;13;37.9765
7;14;15.8417
8;13;59.8942
8;14;29.5235
8;15;44.7672
9;13;-16.9676
9;14;55.6149
9;15;13.7466
10;13;41.8379
10;14;-14.4589
10;15;-16.5693
11;13;62.4659
11;14;54.2311
12;14;7.93417
12;15;22.9613
23;15;-11.3484
7;29;-5.18591
29;15;-18.585
12;36;8.16097
36;13;38.9584
4;46;-12.1958
46;14;49.1745
11;54;-47.3389
54;23;-56.5915
13;0;-51.076
