1;13;15.9095
1;14;35.2485
1;15;-1.36402
2;13;43.3072
2;15;28.1124
3;13;26.0686
3;14;55.7294
3;15;10.4295
4;13;79.2228
4;14;-10.568
4;15;67.7614
5;13;54.7809
5;14;18.4009
5;15;74.4318
6;13;54.7803
6;15;64.7684
7;13;23.4513
7;14;-18.5421
7;15;18.0215
8;13;18.2167
8;14;58.3243
8;15;58.7408
9;13;6.04449
9;14;-14.661
9;15;28.1936
10;13;71.9591
10;15;-1.74442
11;13;42.1823
11;14;11.195
12;13;2.9137
12;14;33.296
12;15;64.391
3;24;-17.3001
24;14;-6.64522
6;41;45.1043
41;14;13.6351
10;44;54.0162
44;14;-19.4589
2;46;-20.2638
46;14;48.7387
11;47;49.4274
47;15;42.948
