1;13;65.9479
1;15;27.0325
2;13;60.8617
2;14;63.2225
2;15;40.0421
3;13;-4.99012
3;14;-15.5271
3;15;21.0011
4;13;57.5058
4;14;-8.18736
4;15;71.1265
5;15;70.8109
6;13;46.7908
6;14;26.5835
6;15;62.8546
7;13;74.2324
7;14;62.7056
7;15;25.5267
8;13;11.8191
8;15;-4.52895
9;13;47.3648
9;14;69.6618
9;15;77.538
10;13;33.2514
10;15;-8.41182
11;13;51.7092
11;14;25.5442
11;15;-18.6095
12;13;-19.4157
12;14;6.86843
12;15;64.613
8;18;-27.5432
18;14;11.6653
5;31;-13.1334
31;14;9.64403
5;33;65.2028
33;13;5.72567
10;43;-68.7749
43;14;39.5963
1;49;64.9733
49;14;64.8023
