1;13;53.6901
1;14;-19.7791
1;15;56.4925
2;13;23.703
2;15;28.1124
3;13;-6.56098
3;14;-6.64522
3;15;77.8
4;13;35.9365
4;14;49.1745
4;15;56.8804
5;13;32.6827
5;14;19.5316
5;15;83.9483
6;13;38.3253
6;14;23.9207
6;15;51.7779
7;13;37.9765
7;14;20.8417
8;13;54.8942
8;14;24.5235
8;15;39.7672
9;13;-16.9676
9;14;60.6149
9;15;18.7466
10;13;36.8379
10;14;-14.4589
11;13;57.4659
11;14;59.2311
11;15;-16.3484
12;13;33.9584
12;14;17.9342
12;15;22.9613
10;16;68.3621
16;15;-16.5693
2;20;6.49934
20;31;7.81125
31;14;19.3097
7;55;15.1523
55;15;-18.585
11;6;47.314
