1;13;48.6901
1;14;-19.7791
1;15;61.4925
2;13;33.703
2;14;19.3097
2;15;28.1124
3;13;-11.561
3;14;-16.6452
3;15;72.8
4;13;25.9365
4;15;56.8804
5;13;32.6827
5;14;9.5316
5;15;78.9483
6;13;33.3253
6;14;23.9207
6;15;51.7779
7;13;37.9765
7;15;-18.585
8;13;54.8942
8;14;24.5235
8;15;44.7672
9;13;-16.9676
9;14;60.6149
9;15;18.7466
10;13;41.8379
10;14;-9.45894
10;15;-16.5693
11;13;62.4659
11;14;59.2311
11;15;-21.3484
12;14;12.9342
12;15;22.9613
7;18;-34.8535
18;14;20.8417
4;20;-44.259
20;14;49.1745
12;23;12.9463
23;13;28.9584
13;2;-20.518
