1;13;53.6901
1;14;-19.7791
1;15;56.4925
2;13;38.703
2;14;19.3097
2;15;28.1124
3;13;-11.561
3;14;-6.64522
3;15;67.8
4;13;25.9365
4;14;49.1745
4;15;56.8804
5;13;32.6827
5;14;19.5316
5;15;78.9483
6;13;33.3253
6;15;51.7779
7;13;42.9765
7;14;10.8417
7;15;-18.585
8;13;54.8942
8;15;44.7672
9;13;-16.9676
9;15;18.7466
10;13;41.8379
10;14;-14.4589
10;15;-16.5693
11;13;57.4659
11;14;59.2311
11;15;-11.3484
12;13;28.9584
12;14;12.9342
12;15;22.9613
8;22;-36.1905
22;14;24.5235
6;29;34.1328
29;14;18.9207
9;38;-9.83469
38;14;60.6149
8;16;-47.7072
12;5;17.9022
