1;13;58.6901
1;14;-19.7791
1;15;51.4925
2;13;33.703
2;14;9.30973
2;15;28.1124
3;13;-11.561
3;14;-6.64522
3;15;67.8
4;13;25.9365
4;14;49.1745
4;15;56.8804
5;14;19.5316
5;15;83.9483
6;13;33.3253
6;14;23.9207
6;15;51.7779
7;13;32.9765
7;14;25.8417
7;15;-18.585
8;13;54.8942
8;14;24.5235
8;15;44.7672
9;13;-11.9676
9;14;60.6149
9;15;23.7466
10;13;36.8379
10;14;-19.4589
10;15;-16.5693
11;13;57.4659
11;14;59.2311
11;15;-11.3484
12;13;33.9584
12;14;12.9342
12;15;22.9613
5;21;-22.4425
21;13;32.6827
1;12;-52.0838
3;2;7.62101
