1;14;-19.7791
1;15;56.4925
2;13;38.703
2;14;19.3097
2;15;28.1124
3;13;-11.561
3;15;72.8
4;13;25.9365
4;14;49.1745
4;15;61.8804
5;13;32.6827
5;14;19.5316
5;15;78.9483
6;13;33.3253
6;14;23.9207
6;15;51.7779
7;13;37.9765
7;14;10.8417
7;15;-18.585
8;13;54.8942
8;14;24.5235
8;15;44.7672
9;13;-16.9676
9;14;65.6149
9;15;23.7466
10;13;36.8379
10;14;-14.4589
10;15;-11.5693
11;13;57.4659
11;15;-11.3484
12;13;33.9584
12;14;17.9342
12;15;22.9613
11;20;77.8006
20;14;59.2311
25;14;-11.6452
1;41;-42.1751
41;13;53.6901
12;3;14.7911
3;53;33.7367
53;25;-27.4629
5;11;-42.8246
