1;13;64.3753
1;14;49.0502
1;15;12.612
2;13;59.2995
2;15;12.7805
3;13;58.5346
3;14;47.6628
3;15;75.6507
4;13;7.91775
4;14;-18.4301
4;15;40.9179
5;13;61.9374
5;14;43.8687
5;15;16.2115
6;15;30.5339
7;13;30.0019
7;14;26.7274
7;15;10.1974
8;13;77.0693
8;14;47.8878
8;15;1.50661
9;13;3.52452
9;14;74.4697
9;15;84.0837
10;13;62.5895
10;14;5.82569
10;15;28.845
11;13;57.2706
11;14;-14.799
11;15;-2.10483
12;13;-15.1174
12;14;64.5005
12;15;42.5596
6;23;34.7503
23;14;54.113
2;25;-72.8886
25;14;24.6645
6;30;-61.5579
30;13;18.0434
13;8;-6.82182
4;0;-43.7816
