1;13;58.6901
1;14;-24.7791
1;15;31.3161
2;13;28.703
2;14;24.3097
2;15;41.2442
3;13;-5.71112
3;14;12.9309
3;15;67.8
4;13;25.9365
4;14;37.6971
4;15;56.8804
5;13;32.6827
5;14;7.21893
5;15;-18.1089
6;13;28.3253
6;14;18.9207
6;15;51.7779
7;13;37.9765
7;14;63.1038
7;15;26.106
8;13;64.8942
8;14;19.5235
8;15;49.7672
9;13;-6.9676
9;14;-19.5942
9;15;18.7466
10;13;71.9591
10;14;-19.5838
10;15;-16.5693
11;13;72.4499
11;14;59.2311
11;15;-16.3484
12;13;38.9584
12;14;12.9342
12;15;32.9613
11;0;-62.7171
1;12;10.6998
8;1;-28.381
12;5;-24.7474
2;0;-3.90222
