1;13;58.6901
1;14;-19.7791
2;13;28.703
2;14;19.3097
2;15;28.1124
3;13;-11.561
3;14;-6.64522
4;13;30.9365
4;15;56.8804
5;13;32.6827
5;14;14.5316
5;15;78.9483
6;13;33.3253
6;14;18.9207
6;15;51.7779
7;13;37.9765
7;14;20.8417
7;15;-18.585
8;13;54.8942
8;14;24.5235
8;15;44.7672
9;13;-16.9676
9;15;18.7466
10;13;46.8379
10;14;-14.4589
10;15;-16.5693
11;13;52.4659
11;14;59.2311
11;15;-21.3484
12;14;12.9342
12;15;22.9613
7;4;9.9423
3;28;-16.0093
28;15;67.8
9;35;-32.1857
35;14;60.6149
12;41;-9.13119
41;13;33.9584
1;51;-47.095
17;4;22.5025
0;15;10.8487
51;65;-50.7311
65;15;61.4925
