1;13;25.7716
1;14;70.0772
1;15;27.0325
2;13;33.703
2;14;53.0729
2;15;28.1124
3;14;-15.5271
3;15;10.4295
4;13;30.9365
4;14;13.3569
4;15;66.1265
5;13;2.2978
5;14;2.75519
5;15;4.35277
6;13;67.7384
6;14;28.9207
6;15;72.5377
7;13;26.1848
7;15;53.0224
8;13;54.8942
8;14;41.4227
8;15;60.4641
9;13;14.3746
9;14;2.54909
9;15;62.6769
10;13;63.0012
10;14;-19.4589
10;15;-16.5693
11;13;69.7055
11;14;4.80441
11;15;30.1835
12;13;38.9584
12;14;12.9342
12;15;27.9613
10;17;-61.8716
3;44;-14.826
44;13;54.0438
17;60;-74.2868
60;14;10.724
