1;13;53.6901
1;14;58.0868
1;15;51.4925
2;13;-9.02223
2;14;19.3097
2;15;-0.0997276
3;13;-11.561
3;14;39.2692
3;15;39.5045
4;13;48.4757
4;14;54.1745
4;15;56.8804
5;13;33.2441
5;14;4.26258
5;15;40.9729
6;13;14.3841
6;14;23.9207
6;15;51.7779
7;13;66.5535
7;14;21.1601
8;13;54.8942
8;14;24.5235
8;15;24.7982
9;13;1.08829
9;14;13.8379
9;15;43.9009
10;13;36.8379
10;14;-14.4589
10;15;18.2896
11;13;57.4659
11;14;16.6028
11;15;42.948
12;13;33.9584
12;14;12.9342
12;15;71.893
7;17;36.9727
17;15;68.7197
2;6;-9.4755
11;8;68.5655
4;3;-20.7207
