1;13;-18.8319
2;13;48.9199
2;15;72.5379
3;13;47.5694
3;15;53.2262
4;13;34.7723
4;14;5.03524
4;15;15.1188
5;13;1.5658
5;14;23.4009
5;15;3.0996
6;13;71.0784
6;15;48.667
7;14;33.864
8;13;75.6111
8;14;10.5408
8;15;82.397
9;14;61.4767
9;15;40.2316
10;13;47.788
10;14;23.2491
10;15;1.5825
11;13;75.0252
11;14;6.19505
11;15;-5.234
12;13;-14.3995
12;14;-18.2002
12;15;23.1953
2;21;21.3514
21;14;3.42934
1;25;59.4016
25;15;-7.32997
6;31;8.96975
31;14;33.2846
7;38;-71.1097
38;15;18.6669
3;39;-34.5467
39;14;10.4049
0;11;69.9282
19;4;22.267
