1;13;53.6901
1;14;-19.7791
1;15;51.4925
2;13;33.703
2;14;19.3097
2;15;18.1124
3;13;-11.561
3;14;-6.64522
3;15;67.8
4;13;20.9365
4;14;49.1745
4;15;56.8804
5;13;32.6827
5;14;19.5316
5;15;73.9483
6;13;33.3253
6;14;23.9207
6;15;51.7779
7;13;37.9765
7;15;-18.585
8;13;54.8942
8;15;49.7672
9;13;-16.9676
9;15;18.7466
10;13;41.8379
10;14;-19.4589
10;15;-21.5693
11;13;57.4659
11;14;59.2311
11;15;-16.3484
12;13;33.9584
12;14;7.93417
12;15;22.9613
12;3;-76.65
8;23;71.2088
23;14;29.5235
10;36;27.3301
36;14;-19.4589
7;39;-10.2236
39;14;20.8417
9;41;17.3706
41;14;60.6149
6;50;35.4802
50;13;33.3253
3;7;20.2342
0;11;6.78521
