1;13;48.6901
2;13;33.703
2;14;14.3097
2;15;28.1124
3;13;-11.561
3;14;-6.64522
3;15;67.8
4;13;25.9365
4;14;44.1745
4;15;56.8804
5;13;32.6827
5;14;19.5316
5;15;78.9483
6;13;33.3253
6;14;18.9207
6;15;51.7779
7;13;37.9765
7;14;25.8417
8;13;54.8942
8;14;24.5235
8;15;44.7672
9;13;-16.9676
9;14;60.6149
9;15;23.7466
10;13;36.8379
10;14;-14.4589
10;15;-16.5693
11;13;57.4659
11;14;59.2311
11;15;-16.3484
12;14;17.9342
12;15;22.9613
9;5;-47.3542
7;25;-5.38267
25;15;-18.585
1;34;-13.253
34;14;-19.7791
12;35;-27.4702
35;13;33.9584
1;46;37.8208
46;15;56.4925
9;17;-2.67269
