1;13;53.6901
1;14;-19.7791
1;15;8.87516
2;13;42.7158
2;14;19.3097
2;15;28.1124
3;13;-16.561
3;14;-6.64522
3;15;72.8
4;13;30.9365
4;14;49.1745
4;15;56.8804
5;15;78.9483
6;13;33.3253
6;14;23.9207
6;15;51.7779
7;13;37.9765
7;14;38.864
8;13;54.8942
8;14;23.956
8;15;44.7672
9;13;-11.9676
9;15;18.7466
10;13;71.0972
10;14;-14.4589
10;15;-16.5693
11;13;75.0252
11;14;64.2311
11;15;-16.3484
12;14;44.1081
12;15;76.893
9;20;77.1227
20;14;60.6149
7;26;10.8384
26;15;-18.585
12;29;9.05134
29;13;33.9584
5;32;64.81
32;13;32.6827
29;41;24.7883
41;13;28.9584
