1;14;-19.7791
1;15;56.4925
2;13;38.703
2;14;19.3097
2;15;28.1124
3;14;-6.64522
3;15;72.8
4;13;25.9365
4;15;56.8804
5;13;32.6827
5;14;19.5316
5;15;78.9483
6;13;33.3253
6;14;23.9207
6;15;51.7779
7;15;-23.585
8;13;54.8942
8;14;24.5235
8;15;44.7672
9;13;-21.9676
9;14;60.6149
9;15;18.7466
10;13;41.8379
10;14;-14.4589
10;15;-16.5693
11;13;57.4659
11;14;59.2311
11;15;-21.3484
12;14;7.93417
12;15;22.9613
7;17;-21.4486
17;14;20.8417
12;30;16.1266
30;14;7.93417
12;37;-7.1207
37;13;33.9584
1;52;14.2345
52;13;58.6901
7;56;47.9569
56;13;32.9765
