1;13;42.5964
1;14;63.6104
1;15;5.02103
2;13;2.10094
2;14;-0.197941
2;15;41.2442
3;13;68.9813
3;14;41.1411
3;15;58.2262
4;13;51.9462
4;15;53.6747
5;13;11.5658
5;14;15.9942
5;15;-15.6085
6;13;18.5748
6;14;-19.4924
6;15;-4.52762
7;13;35.5398
7;14;-18.5421
8;13;18.2167
8;14;15.5408
8;15;-12.1742
9;13;6.04449
9;14;28.3648
9;15;35.2316
10;13;71.9591
10;14;-11.5589
10;15;4.48583
11;13;51.1355
11;14;41.1241
11;15;-5.71416
12;13;-19.3995
12;14;38.296
12;15;64.391
0;4;17.4452
4;24;-29.6095
24;14;0.0352364
7;29;40.5643
29;15;18.0215
12;9;-8.01447
