1;13;53.6901
1;15;56.4925
2;13;38.703
2;14;24.3097
2;15;33.1124
3;13;-11.561
3;14;-6.64522
3;15;72.8
4;13;25.9365
4;14;44.1745
4;15;61.8804
5;13;32.6827
5;14;19.5316
5;15;73.9483
6;13;28.3253
6;14;23.9207
6;15;51.7779
7;13;32.9765
7;15;-18.585
8;13;54.8942
8;14;29.5235
8;15;39.7672
9;13;-11.9676
9;14;65.6149
9;15;23.7466
10;13;46.8379
10;15;-21.5693
11;13;52.4659
11;14;69.2311
11;15;-16.3484
12;13;28.9584
12;14;7.93417
12;15;27.9613
7;29;-3.95496
29;14;15.8417
10;30;14.6374
30;14;-19.4589
1;40;-21.8812
40;14;-19.7791
3;17;15.7825
