1;13;35.7561
1;14;4.00624
1;15;7.61199
2;13;58.2654
2;14;24.6645
2;15;61.9121
3;13;-4.99012
3;14;47.6628
3;15;56.8206
4;13;7.91775
4;14;32.021
5;13;61.9374
5;14;5.46551
5;15;70.8109
6;13;18.0434
6;14;9.36781
6;15;-8.53322
7;13;30.0019
7;14;26.7274
7;15;-9.85545
8;13;77.0693
8;14;47.8878
8;15;50.7909
9;13;1.08829
9;14;27.3894
9;15;74.0837
10;13;62.5895
10;14;5.82569
10;15;28.845
11;13;57.2706
11;14;25.5442
11;15;-18.6095
12;13;-15.1174
12;14;-14.8492
12;15;39.6191
7;3;-4.50765
4;26;-73.6566
26;15;40.9179
