1;13;53.6901
1;14;73.1835
1;15;61.4925
2;13;28.703
2;14;19.3097
2;15;28.1124
3;13;43.9979
3;14;-6.64522
3;15;72.8
4;13;25.9365
4;14;49.1745
4;15;56.8804
5;13;62.9201
5;14;18.0337
5;15;78.9483
6;13;33.3253
6;14;15.036
6;15;48.667
7;14;20.8417
7;15;-23.585
8;13;54.8942
8;14;18.956
8;15;72.397
9;14;66.4767
9;15;48.4219
10;13;71.0972
10;14;-14.4589
10;15;1.5825
11;13;57.4659
11;14;59.2311
11;15;-16.3484
12;14;12.9342
12;15;22.9613
7;21;-41.6395
21;13;75.6468
12;24;25.5177
24;13;33.9584
10;5;-10.3971
9;51;54.3572
51;13;-16.9676
