1;14;40.6542
1;15;5.02103
2;13;-9.02223
2;14;6.91549
2;15;28.1124
3;13;31.4352
3;14;39.2692
3;15;72.8
4;13;39.6341
4;14;37.6125
4;15;53.6747
5;13;-13.0094
5;14;9.26258
5;15;32.1261
6;13;3.428
6;14;-19.0927
7;13;23.899
7;14;15.8417
7;15;-23.585
8;13;27.4063
8;14;-2.69353
8;15;44.7672
9;13;28.7721
10;13;76.7694
10;14;-4.46636
10;15;-16.5693
11;13;63.2204
11;14;-1.96277
11;15;-11.3484
12;14;27.5806
12;15;33.2342
9;22;-2.89674
22;14;59.5231
6;34;72.173
34;15;51.7779
1;41;-31.7919
41;13;53.6901
7;44;-20.7618
44;13;-1.62346
11;8;0.535911
11;65;8.45846
65;8;0.535911
10;7;-60.2099
