1;13;1.06916
1;15;66.5434
2;13;60.8617
2;14;19.3097
2;15;56.9121
3;14;58.4295
3;15;47.6554
4;13;51.9462
4;14;39.9291
4;15;64.7953
5;13;22.1483
5;14;9.64403
5;15;70.8109
6;13;5.25347
6;14;-4.1413
6;15;-3.5308
7;13;37.9765
7;14;20.8417
7;15;56.7747
8;13;39.8481
8;14;11.6653
8;15;44.7672
9;13;17.9874
9;14;55.6149
9;15;82.538
10;13;31.8379
10;14;39.5963
10;15;-8.41182
11;13;41.8076
11;15;-18.6095
12;13;14.5684
12;14;54.2623
12;15;27.685
3;20;64.99
20;13;31.0686
1;42;-15.812
42;14;-0.771066
11;50;-34.1887
50;14;25.5442
