1;14;-14.7791
1;15;56.4925
2;13;28.703
2;14;19.3097
2;15;28.1124
3;13;-16.561
3;14;-6.64522
3;15;72.8
4;13;25.9365
4;14;49.1745
4;15;56.8804
5;15;78.9483
6;13;33.3253
6;14;28.9207
6;15;51.7779
7;14;15.8417
7;15;-13.585
8;13;59.8942
8;14;39.5235
8;15;49.7672
9;13;-21.9676
9;15;18.7466
10;13;46.8379
10;14;-14.4589
10;15;-21.5693
11;13;57.4659
11;14;54.2311
11;15;-16.3484
12;13;28.9584
12;14;7.93417
12;15;17.9613
20;13;59.8942
5;21;51.8817
21;13;37.6827
1;30;40.855
30;13;53.6901
9;31;66.1395
31;14;60.6149
7;37;1.62818
37;13;37.9765
12;3;32.054
8;66;-14.7612
66;20;11.7334
16;0;57.8978
5;2;46.1287
