1;13;53.6901
1;14;-19.7791
1;15;56.4925
2;13;33.703
2;14;19.3097
2;15;28.1124
3;13;-11.561
3;14;47.4605
3;15;67.8
4;13;25.9365
4;14;44.1745
4;15;56.8804
5;13;11.5658
5;14;24.5316
5;15;78.9483
6;13;33.3253
6;14;23.9207
6;15;46.7779
7;13;37.9765
7;14;-18.5421
7;15;48.3098
8;13;58.6187
8;14;10.5408
8;15;58.7408
9;13;6.04449
9;14;60.6149
9;15;40.0405
10;13;76.7694
10;14;-14.4589
10;15;-16.5693
11;13;57.4659
11;14;59.2311
11;15;-6.3484
12;13;33.9584
12;14;12.9342
12;15;22.9613
11;0;-78.372
9;8;-46.5363
3;9;-19.1129
8;7;37.488
