1;13;53.6901
1;14;-14.7791
1;15;56.4925
2;13;33.703
2;15;28.1124
3;13;-16.561
3;15;72.8
4;13;25.9365
4;14;49.1745
4;15;56.8804
5;13;37.6827
5;14;19.5316
5;15;83.9483
6;13;33.3253
6;15;51.7779
7;13;37.9765
8;13;54.8942
8;14;19.5235
8;15;44.7672
9;13;-16.9676
9;14;60.6149
9;15;13.7466
10;13;26.8379
10;14;-14.4589
10;15;-26.5693
11;13;62.4659
11;14;64.2311
11;15;-16.3484
12;15;22.9613
3;21;31.2643
21;14;-6.64522
12;22;-2.31507
22;14;7.93417
12;29;-80.3579
29;13;33.9584
7;38;-49.3569
38;14;15.8417
6;43;60.5508
43;14;38.9207
2;47;-2.32238
47;14;9.30973
17;0;36.3688
