1;13;42.5964
1;14;40.6542
1;15;71.5434
2;13;-9.02223
2;14;17.3556
2;15;41.2442
3;13;44.652
3;14;34.2692
3;15;58.2262
4;13;51.9462
4;14;-14.114
4;15;36.0872
5;13;36.3617
5;14;4.26258
5;15;-18.1089
6;13;18.5748
6;14;-19.0927
6;15;-4.52762
7;13;35.5398
7;14;57.0686
7;15;18.0215
8;13;73.3273
8;14;-2.69353
8;15;58.7408
9;14;44.9659
9;15;35.2316
10;13;76.5682
10;14;-4.46636
10;15;9.28891
11;13;68.2204
11;14;11.6028
11;15;69.9431
12;14;27.5806
12;15;64.391
9;29;13.3084
29;13;6.04449
10;5;53.8608
12;38;30.1819
38;13;54.7638
