1;13;48.6901
1;15;51.4925
2;13;33.703
2;14;24.3097
2;15;28.1124
3;13;-6.56098
3;14;-6.64522
3;15;72.8
4;13;30.9365
4;14;49.1745
4;15;56.8804
6;13;33.3253
6;14;18.9207
6;15;51.7779
7;13;37.9765
7;14;20.8417
7;15;-18.585
8;13;54.8942
8;14;24.5235
8;15;44.7672
9;13;-16.9676
9;15;18.7466
10;13;41.8379
10;14;-14.4589
10;15;-16.5693
11;13;62.4659
11;14;64.2311
11;15;-16.3484
12;13;38.9584
12;14;12.9342
12;15;32.9613
5;25;-11.8956
25;13;37.6827
5;31;3.99231
31;15;73.9483
9;33;-13.0413
33;14;60.6149
5;37;0.13002
37;14;19.5316
1;47;-29.4699
47;14;-19.7791
11;12;-63.1487
