1;13;53.6901
1;15;61.4925
2;13;28.703
2;14;19.3097
2;15;28.1124
3;14;-1.64522
3;15;72.8
4;13;25.9365
4;14;54.1745
4;15;56.8804
5;13;37.6827
5;14;19.5316
5;15;78.9483
6;13;33.3253
6;14;23.9207
6;15;46.7779
7;13;37.9765
7;14;20.8417
7;15;-18.585
8;13;54.8942
8;15;44.7672
9;13;-16.9676
9;15;18.7466
10;13;36.8379
10;14;-14.4589
10;15;-16.5693
11;13;57.4659
11;14;59.2311
11;15;-16.3484
12;13;33.9584
12;14;12.9342
12;15;17.9613
8;20;-52.0989
20;14;24.5235
9;28;-54.6396
28;14;60.6149
3;40;71.2294
40;13;-11.561
1;44;-72.5805
44;14;-19.7791
12;1;-39.2651
