1;13;42.5964
1;14;72.3513
1;15;66.5434
2;13;33.703
2;15;28.1124
3;13;-11.561
3;14;39.2692
3;15;86.1917
4;13;2.52356
4;14;51.9269
5;13;36.3617
5;14;19.5316
5;15;78.9483
6;13;57.3979
6;14;43.7656
6;15;51.7779
7;13;37.9765
7;15;14.4943
8;13;18.2167
8;14;14.5235
8;15;44.7672
9;13;-16.9676
9;15;18.7466
10;13;36.8379
10;14;-4.46636
10;15;-1.74442
11;13;78.2204
11;14;11.195
11;15;44.5889
12;13;16.0105
12;15;46.796
9;16;41.0547
16;14;13.2892
2;17;5.97628
17;14;18.3832
12;42;-13.375
42;14;-2.17925
7;48;-25.178
48;14;20.8417
