1;14;-19.7791
1;15;56.4925
2;13;33.703
2;14;19.3097
2;15;23.1124
3;13;-16.561
3;14;-6.64522
3;15;62.8
4;13;25.9365
4;14;49.1745
4;15;56.8804
5;13;32.6827
5;14;24.5316
5;15;78.9483
6;13;33.3253
6;14;23.9207
6;15;51.7779
7;13;42.9765
7;14;20.8417
7;15;-18.585
8;13;54.8942
8;14;29.5235
8;15;44.7672
9;14;60.6149
9;15;18.7466
10;13;36.8379
10;14;-9.45894
10;15;-16.5693
11;13;57.4659
11;14;64.2311
11;15;-16.3484
12;13;33.9584
12;14;12.9342
12;15;27.9613
1;18;-4.52813
18;13;53.6901
10;2;-6.61269
7;5;13.1515
12;4;65.942
9;55;35.8119
55;60;-41.0706
60;13;-16.9676
