1;13;53.6901
1;15;51.4925
2;13;33.703
2;14;19.3097
2;15;33.1124
3;13;-11.561
3;14;-6.64522
3;15;67.8
4;13;20.9365
4;15;56.8804
5;13;32.6827
5;14;24.5316
5;15;78.9483
6;13;33.3253
6;14;23.9207
6;15;46.7779
7;13;37.9765
7;14;25.8417
8;13;54.8942
8;14;24.5235
8;15;44.7672
9;13;-11.9676
9;14;55.6149
9;15;23.7466
10;13;36.8379
10;14;-14.4589
10;15;-16.5693
11;13;57.4659
11;15;-16.3484
12;14;12.9342
12;15;17.9613
7;21;-61.686
21;15;-18.585
4;27;-8.69575
27;14;49.1745
1;29;24.9588
29;14;-24.7791
11;30;-7.23745
30;14;59.2311
12;42;-15.6922
42;13;33.9584
