1;14;-19.7791
1;15;56.4925
2;13;53.2654
2;14;67.3097
2;15;28.1124
3;13;-6.56098
3;14;-6.64522
3;15;67.8
4;13;25.9365
4;15;56.8804
5;13;32.6827
5;14;37.8702
5;15;78.9483
6;13;33.3253
6;14;23.9207
6;15;55.5581
7;13;42.9765
7;14;25.8417
7;15;-18.585
8;13;54.8942
8;14;29.5235
8;15;44.7672
9;13;-16.9676
9;15;18.7466
10;13;36.8379
10;14;-24.5838
10;15;-16.5693
11;13;52.4659
11;14;59.2311
11;15;-21.3484
12;13;28.9584
12;14;12.9342
12;15;61.9695
12;20;-9.71362
20;13;33.9584
9;11;-23.7006
2;40;-50.6508
40;14;19.3097
1;41;7.12537
41;13;53.6901
