1;13;53.6901
1;14;-9.77908
1;15;56.4925
2;13;33.703
2;15;28.1124
3;13;-11.561
3;14;-6.64522
3;15;72.8
4;13;25.9365
4;14;49.1745
4;15;51.8804
5;13;37.6827
5;15;78.9483
6;13;38.3253
6;14;28.9207
6;15;51.7779
7;13;37.9765
7;14;10.8417
7;15;-18.585
8;13;54.8942
8;14;24.5235
8;15;44.7672
9;13;-16.9676
9;14;60.6149
9;15;28.7466
10;13;36.8379
10;14;-14.4589
10;15;-16.5693
11;13;57.4659
12;13;33.9584
12;14;12.9342
12;15;27.9613
2;25;-13.6964
25;14;19.3097
5;28;76.484
28;14;14.5316
11;34;19.401
34;14;59.2311
37;15;-16.3484
11;62;-3.79858
62;37;43.6742
