1;13;38.7011
1;14;35.2485
1;15;53.7939
2;13;8.7181
2;14;61.5549
2;15;38.9637
3;13;32.6523
3;14;38.225
3;15;52.9398
4;13;79.2228
4;14;-8.18736
4;15;67.7614
5;13;54.7809
5;14;-3.01797
5;15;40.9729
6;13;14.7546
6;14;15.036
6;15;39.6196
7;13;67.3271
7;14;63.1038
8;14;72.3728
8;15;53.7408
9;13;50.3186
9;14;2.54909
9;15;35.2316
10;13;63.0012
10;14;68.8949
11;13;14.4251
11;14;61.4909
11;15;-3.68685
12;13;-16.3673
12;14;5.74689
12;15;64.613
10;23;-74.3652
23;15;58.3574
8;26;8.94353
26;13;-10.1163
26;50;25.0367
50;13;-10.1163
