1;13;62.5964
1;15;-42.5839
2;13;43.3072
2;15;41.2442
3;13;-9.02673
3;14;47.4605
3;15;58.2262
4;13;51.9462
4;14;0.0352364
4;15;-8.67194
5;13;27.1483
5;15;3.0996
6;15;64.7684
7;13;23.4513
7;14;-28.5421
7;15;18.0215
8;13;18.2167
8;14;10.5408
8;15;3.38917
9;13;6.04449
9;14;44.9659
10;13;71.9591
10;14;48.5986
11;14;31.195
11;15;44.5889
12;13;-19.3995
12;14;33.296
12;15;33.764
6;20;17.8137
20;13;18.5748
11;21;24.902
21;13;49.7848
29;15;28.1936
9;36;-6.45506
36;29;4.10253
1;42;54.8777
5;44;72.0332
44;14;23.4009
2;45;64.9733
45;14;-0.197941
6;52;6.04915
52;14;33.2846
10;53;56.269
53;15;70.9785
42;66;59.4538
66;14;63.6104
