1;13;-11.7423
1;14;79.797
1;15;58.3099
2;13;59.844
2;14;71.1647
2;15;-0.244864
3;13;13.5223
3;14;55.9735
3;15;7.77747
4;13;41.5049
4;14;27.7397
4;15;-12.1768
5;13;16.4784
5;14;0.465509
5;15;75.223
6;14;37.3319
6;15;51.7297
7;13;-5.83974
7;14;52.1006
7;15;58.0224
8;13;4.28868
8;14;78.6467
8;15;51.7597
9;13;-4.33209
9;14;61.2947
9;15;-7.02096
10;13;-10.608
10;14;-15.9913
10;15;72.3069
11;13;31.2932
11;14;45.712
11;15;41.264
12;13;9.60316
12;14;-14.8492
12;15;71.6523
3;25;58.3486
25;14;43.8654
6;27;0.368141
27;13;18.4658
