1;13;53.6901
1;14;-19.7791
1;15;56.4925
2;13;28.703
2;14;19.3097
2;15;28.1124
3;13;-11.561
3;14;-11.6452
3;15;72.8
4;13;25.9365
4;14;44.1745
4;15;56.8804
5;13;37.6827
5;15;78.9483
6;13;33.3253
6;14;23.9207
6;15;51.7779
7;14;25.8417
7;15;-18.585
8;13;54.8942
8;15;44.7672
9;13;-16.9676
9;14;60.6149
9;15;13.7466
10;13;36.8379
10;14;-14.4589
10;15;-16.5693
11;13;57.4659
11;14;64.2311
11;15;-11.3484
12;15;22.9613
7;17;-27.6709
17;13;37.9765
5;21;9.4934
21;14;24.5316
12;28;5.91326
28;13;33.9584
8;30;29.3106
30;14;24.5235
12;33;13.8953
33;14;17.9342
