1;13;53.6901
1;15;61.4925
2;13;33.703
2;14;14.3097
2;15;33.1124
3;13;-11.561
3;14;-11.6452
3;15;72.8
4;13;25.9365
4;14;49.1745
4;15;56.8804
5;13;37.6827
5;14;24.5316
5;15;78.9483
6;13;38.3253
6;14;18.9207
6;15;51.7779
7;13;37.9765
7;14;20.8417
8;13;54.8942
8;14;19.5235
8;15;44.7672
9;13;-16.9676
9;15;18.7466
10;13;36.8379
10;14;-9.45894
10;15;-16.5693
11;13;57.4659
11;14;59.2311
11;15;-16.3484
12;13;28.9584
12;15;22.9613
7;23;8.24173
23;15;-18.585
9;33;-51.6137
33;14;60.6149
12;37;-61.2106
37;14;12.9342
1;45;-32.1023
45;14;-19.7791
