1;13;58.6901
1;14;-19.7791
1;15;46.4925
2;13;38.703
2;15;28.1124
3;13;-11.561
3;14;-1.64522
3;15;67.8
4;13;30.9365
4;14;39.1745
4;15;56.8804
5;13;42.6827
5;14;19.5316
5;15;78.9483
6;13;38.3253
6;15;51.7779
7;13;42.9765
7;14;25.8417
7;15;-18.585
8;13;59.8942
8;14;29.5235
8;15;49.7672
9;13;-16.9676
9;14;60.6149
9;15;23.7466
10;13;31.8379
10;14;-9.45894
11;13;57.4659
11;14;59.2311
11;15;-16.3484
12;15;22.9613
2;22;-47.5054
22;14;24.3097
10;24;-12.3139
24;15;-16.5693
12;29;-76.8511
29;13;33.9584
6;34;-10.2921
34;14;28.9207
9;4;24.3002
12;42;-76.4108
42;14;12.9342
10;1;-68.2237
