1;13;53.6901
1;14;-24.7791
1;15;56.4925
2;13;33.703
2;15;33.1124
3;13;-16.561
3;14;-6.64522
3;15;8.0042
4;13;35.9365
4;14;54.1745
4;15;56.8804
5;13;32.6827
5;14;19.5316
5;15;78.9483
6;13;38.3253
6;15;51.7779
7;13;37.9765
7;14;20.8417
7;15;-18.585
8;13;49.8942
8;14;78.6467
8;15;44.7672
9;13;1.08829
9;15;23.7466
10;13;36.8379
10;14;-14.4589
10;15;-21.5693
11;13;57.4659
11;14;54.2311
11;15;-21.3484
12;13;-6.82979
12;14;7.93417
12;15;27.9613
5;7;-29.6596
10;9;12.6649
9;37;-45.4157
6;4;1.29198
0;2;35.8574
1;9;-21.7632
6;8;-20.0398
5;2;-7.32526
