1;13;53.6901
1;14;-19.7791
1;15;56.4925
2;13;38.703
2;14;19.3097
2;15;28.1124
3;13;-16.561
3;14;-6.64522
3;15;72.8
4;13;25.9365
4;14;49.1745
4;15;56.8804
5;13;32.6827
5;14;19.5316
5;15;78.9483
6;13;33.3253
6;14;23.9207
6;15;51.7779
7;13;37.9765
7;14;15.8417
7;15;-23.585
8;13;59.8942
8;14;24.5235
8;15;44.7672
9;13;-21.9676
10;13;36.8379
10;15;-16.5693
11;13;57.4659
11;14;64.2311
11;15;-21.3484
12;14;12.9342
12;15;27.9613
9;16;-23.2147
16;14;60.6149
9;30;60.9439
30;15;18.7466
10;32;13.6165
32;14;-14.4589
12;50;-55.533
50;13;28.9584
