1;13;-3.93084
1;15;66.5434
2;13;-9.02223
2;14;5.64885
2;15;-0.0997276
3;14;47.6628
3;15;47.6554
4;13;79.2228
4;14;-14.114
4;15;31.0872
5;13;36.3617
5;14;27.7551
5;15;-13.1089
6;13;14.3841
6;14;-19.0927
6;15;0.472377
7;13;40.1427
7;14;57.0686
7;15;72.9434
8;13;73.3273
8;14;70.3366
8;15;24.7982
9;15;35.2316
10;13;30.7617
10;14;33.2491
10;15;4.28891
11;13;68.2204
11;14;16.6028
11;15;64.9431
12;13;2.9137
12;14;22.5806
12;15;7.29871
9;21;47.3145
21;14;59.5231
3;23;-28.4919
23;14;39.2692
3;35;7.53691
35;13;39.652
9;1;70.1084
1;36;-3.04015
36;14;35.6542
9;47;-5.61566
47;13;56.1612
10;4;64.0685
1;12;3.30492
11;9;-15.2368
