1;13;53.6901
1;14;58.0868
1;15;56.4925
2;13;28.703
2;14;19.3097
2;15;28.1124
3;13;-11.561
3;14;19.9924
3;15;33.1033
4;13;25.9365
4;14;49.1745
4;15;51.8804
5;13;32.6827
5;14;31.2941
5;15;78.9483
6;13;33.3253
6;14;6.18834
6;15;50.5581
7;13;32.9765
7;14;20.8417
7;15;-28.585
8;13;54.8942
8;14;24.5235
8;15;39.7672
9;13;-16.9676
9;15;67.054
10;13;36.8379
10;14;-14.4589
10;15;-16.5693
11;14;-0.446192
11;15;-16.3484
12;13;33.9584
12;14;12.9342
12;15;22.9613
11;16;15.5151
16;13;57.4659
7;20;-7.96824
9;24;24.8542
24;14;60.6149
1;25;-42.094
25;15;61.4925
0;13;60.2954
20;49;-6.77812
49;15;-18.585
