1;13;53.6901
1;15;56.4925
2;13;33.703
2;14;19.3097
2;15;53.8534
3;13;-11.561
3;14;-6.64522
3;15;48.7861
4;13;25.9365
4;14;49.1745
4;15;56.8804
5;14;19.5316
5;15;2.89682
6;13;33.3253
6;14;23.9207
6;15;51.7779
7;13;37.9765
7;14;20.8417
7;15;-18.585
8;13;54.8942
8;14;23.956
8;15;44.7672
9;13;19.8437
9;14;61.4767
9;15;48.4219
10;13;66.0972
10;15;-16.5693
11;13;57.4659
11;14;64.2311
11;15;-16.3484
12;14;17.9342
12;15;28.1953
12;24;78.2576
24;13;33.9584
31;14;-14.4589
11;2;-41.3964
1;49;66.1408
49;14;-19.7791
10;53;-28.8644
53;31;13.4584
