1;13;37.5964
1;14;-19.7791
2;13;69.5354
2;14;2.36564
2;15;41.2442
3;13;-11.561
3;14;26.4393
3;15;63.2262
4;13;34.6107
4;14;0.0352364
4;15;68.8723
5;13;32.6827
5;14;23.4009
5;15;40.9729
6;13;25.0918
6;14;23.9207
6;15;51.7779
7;14;-18.5421
7;15;-18.585
8;13;54.8942
8;14;24.5235
8;15;60.4641
9;13;-0.901644
9;14;60.6149
9;15;35.2316
10;13;36.8379
10;14;48.5986
10;15;-16.5693
11;13;57.4659
11;14;11.195
11;15;-16.3484
12;15;43.764
16;13;50.5104
7;21;15.2346
21;13;37.9765
33;14;49.1745
2;6;-18.4051
12;46;-41.4696
46;13;33.9584
11;8;49.9804
2;54;54.8492
54;6;-18.4051
12;0;24.1747
