1;13;53.6901
1;14;58.0868
1;15;61.4925
2;13;24.256
2;14;19.3097
2;15;28.1124
3;13;-11.561
3;14;-6.64522
3;15;58.8231
4;13;25.9365
4;14;0.0352364
4;15;20.1188
5;13;27.6827
5;14;19.5316
5;15;78.9483
6;13;23.8924
6;14;37.3319
6;15;56.7779
7;14;20.8417
7;15;18.0215
8;13;54.8942
8;14;23.956
8;15;44.7672
9;13;6.04449
9;15;18.7466
10;13;36.8379
10;15;-16.5693
11;13;74.7055
11;14;4.55381
11;15;-16.3484
12;13;-19.3995
12;14;12.9342
12;15;1.31222
10;16;-14.7613
16;14;-9.45894
7;20;12.775
20;13;37.9765
6;22;-2.83725
22;14;23.9207
9;31;43.7196
31;14;55.6149
6;3;-8.09849
2;16;75.9138
