1;13;27.5947
1;14;-19.7791
1;15;56.4925
2;13;8.31384
2;14;19.3097
2;15;14.9324
3;13;-11.561
3;14;-1.64522
3;15;75.6611
4;13;25.9365
4;14;18.1888
4;15;56.8804
5;13;22.4774
5;14;19.5316
5;15;-3.49848
6;13;33.3253
6;14;-6.18863
6;15;48.667
7;13;37.9765
7;14;43.5204
7;15;-12.991
8;13;39.8481
8;14;24.5235
8;15;34.7672
9;13;-16.9676
9;14;-17.0524
9;15;-3.6032
10;13;36.8379
10;14;-15.9913
10;15;-16.5693
11;13;77.6798
11;14;64.2311
11;15;-16.5284
12;13;-1.6612
12;14;5.74689
12;15;61.9695
7;29;0.47822
29;14;25.8417
10;39;16.9549
39;11;13.9825