1;13;53.6901
1;14;-19.7791
1;15;51.4925
2;13;28.703
2;14;14.3097
2;15;23.1124
3;13;-21.561
3;14;-1.64522
3;15;72.8
4;13;25.9365
4;14;39.1745
4;15;56.8804
5;13;32.6827
5;14;19.5316
5;15;78.9483
6;13;28.3253
6;14;23.9207
6;15;51.7779
7;13;32.9765
7;15;-23.585
8;13;54.8942
8;14;19.5235
8;15;54.7672
9;13;3.0324
9;14;60.6149
9;15;18.7466
10;13;36.8379
10;14;-9.45894
10;15;-21.5693
11;13;57.4659
11;14;59.2311
11;15;-26.3484
12;13;33.9584
12;14;12.9342
12;15;27.9613
10;2;-14.0657
7;18;-8.66418
18;14;20.8417
9;8;-58.159
11;12;-66.8279
0;4;76.0995
