1;13;42.5964
1;14;12.6097
1;15;-20.2258
2;13;62.1842
2;14;15.6162
2;15;28.0193
3;13;-5.71112
3;14;12.9309
3;15;58.2262
4;13;55.6143
4;14;0.0352364
4;15;20.1188
5;14;23.4009
5;15;34.3831
6;13;13.9071
6;14;50.2672
6;15;34.0197
7;13;42.2988
7;14;55.2935
7;15;36.106
8;13;18.2167
8;14;15.5408
8;15;43.7408
9;13;6.04449
9;14;54.6635
9;15;35.2316
10;13;71.9591
10;14;76.3092
10;15;6.45525
11;13;49.7848
11;14;52.5771
11;15;44.0649
12;13;-14.3995
12;14;39.7613
12;15;79.6811
5;18;-71.385
18;13;-2.00162
7;8;20.4862
10;4;-72.4451
