1;13;42.5964
1;14;21.3732
2;13;2.10094
2;14;-22.6764
2;15;28.1124
3;13;75.2662
3;14;74.8911
3;15;38.1033
4;13;-7.79138
4;14;0.0352364
4;15;-16.057
5;13;11.5658
5;14;1.15655
5;15;40.9729
6;13;26.6169
6;14;6.18834
6;15;55.5581
7;13;35.5398
7;14;9.22074
7;15;18.0215
8;13;54.8942
8;14;68.9956
8;15;53.025
9;13;58.5932
9;14;44.9659
9;15;27.0674
10;13;71.9591
10;14;76.3092
10;15;9.28891
11;13;32.7075
11;14;-2.2867
11;15;-16.3484
12;13;19.169
12;14;34.7613
12;15;64.391
17;15;63.7197
1;19;4.2144
19;15;10.8157
7;37;-18.0283
37;17;6.68998
10;9;41.6843
