1;13;53.6901
1;14;-14.7791
1;15;56.4925
2;13;28.703
2;14;9.30973
2;15;28.1124
3;13;-11.561
3;14;-11.6452
3;15;72.8
4;13;25.9365
4;14;49.1745
4;15;61.8804
5;14;29.5316
5;15;73.9483
6;13;33.3253
6;14;28.9207
6;15;51.7779
7;13;37.9765
7;14;15.8417
7;15;-18.585
8;13;59.8942
8;15;44.7672
9;13;-16.9676
9;14;50.6149
9;15;18.7466
10;13;36.8379
10;14;-19.4589
10;15;-11.5693
11;13;62.4659
11;14;59.2311
11;15;-26.3484
12;13;28.9584
12;15;22.9613
11;12;-67.3517
8;34;14.3226
34;14;29.5235
12;46;-18.2492
46;14;12.9342
22;51;-72.7313
51;13;22.6827
5;59;17.6126
59;60;-9.10724
60;22;7.22579
