1;13;48.6901
1;14;-19.7791
1;15;51.4925
3;13;-11.561
3;14;-6.64522
3;15;72.8
4;13;25.9365
4;15;56.8804
5;13;32.6827
5;14;19.5316
5;15;78.9483
6;13;33.3253
6;14;23.9207
6;15;51.7779
7;13;37.9765
7;14;20.8417
7;15;-13.585
8;13;54.8942
8;14;24.5235
8;15;44.7672
9;13;-11.9676
9;15;13.7466
10;13;41.8379
10;14;-14.4589
10;15;-16.5693
11;13;57.4659
11;14;54.2311
11;15;-21.3484
12;14;12.9342
12;15;22.9613
2;31;-71.6067
31;13;28.703
2;33;40.8727
33;15;23.1124
9;44;-23.2571
44;14;60.6149
0;8;2.78465
12;54;63.4493
54;13;33.9584
2;55;-75.9853
55;14;19.3097
