1;13;58.6901
1;14;-14.7791
1;15;56.4925
2;13;43.3072
2;14;19.3097
2;15;28.1124
3;13;-6.56098
3;14;-6.64522
3;15;72.8
4;13;51.9462
4;15;60.9355
5;13;37.6827
5;14;37.891
5;15;33.6115
6;13;38.3253
6;14;54.673
6;15;46.7779
7;13;32.9765
7;14;73.7714
8;13;54.3811
8;14;24.5235
8;15;44.7672
9;13;22.6555
9;14;60.6149
9;15;28.7466
10;13;63.0012
10;14;45.4029
10;15;-11.5693
11;13;49.7848
11;14;-12.0024
11;15;11.3187
12;13;19.5684
12;14;12.9342
12;15;69.391
7;19;25.7599
19;15;-18.585
4;20;17.1591
20;14;39.1745
13;14;-16.8254
11;0;13.4709
