1;13;48.6901
1;14;-19.7791
1;15;-15.2258
2;13;33.703
2;14;19.3097
2;15;28.0193
3;13;-5.71112
3;14;-6.64522
3;15;72.0914
4;13;25.9365
4;14;45.313
4;15;53.6747
5;13;32.6827
5;14;19.5316
5;15;-15.6085
6;13;33.3253
6;14;23.9207
6;15;46.7779
7;13;37.9765
7;14;15.8417
7;15;-18.585
8;13;39.3211
8;15;44.7672
9;13;-16.9676
9;14;28.3648
9;15;-3.6032
10;13;36.8379
10;14;-14.4589
10;15;-21.5693
11;13;75.0252
11;14;54.2311
11;15;-10.7142
12;13;33.9584
12;14;12.9342
12;15;71.6523
8;19;59.6494
19;42;-3.76711
42;14;24.5235
45;14;60.6149
9;49;30.2745
49;45;62.1302
