1;13;58.6901
2;13;33.703
2;14;19.3097
2;15;28.1124
3;13;-6.56098
3;14;-6.64522
3;15;72.8
4;13;25.9365
4;14;49.1745
4;15;56.8804
5;13;47.6827
5;14;24.5316
5;15;73.9483
6;13;38.3253
6;14;23.9207
6;15;51.7779
7;13;37.9765
7;15;-13.585
8;13;54.8942
8;14;29.5235
8;15;34.7672
9;13;-21.9676
9;14;60.6149
9;15;13.7466
10;13;36.8379
10;14;-14.4589
10;15;-16.5693
11;13;52.4659
11;15;-16.3484
12;13;33.9584
12;14;12.9342
12;15;17.9613
1;19;7.33641
19;15;56.4925
11;20;-31.96
20;14;59.2311
7;40;-27.0285
4;5;-15.9755
1;43;0.790665
43;14;-19.7791
8;49;17.7321
49;4;-21.9615
11;3;-22.5408
16;4;-6.11974
9;5;-73.5958
40;67;-30.8999
67;14;25.8417
