1;13;53.6901
1;14;24.4097
1;15;3.63598
2;13;30.2576
2;14;8.42934
3;13;-11.561
3;14;-6.64522
3;15;48.7861
4;13;30.9365
4;14;42.6971
4;15;60.9355
5;13;32.6585
5;14;19.5316
5;15;78.9483
6;13;54.7803
6;14;15.036
6;15;72.5377
7;13;75.6468
7;15;48.3098
8;13;58.6187
8;14;28.956
8;15;44.7672
9;13;23.1733
9;14;60.6149
9;15;62.6769
10;13;76.7694
10;14;-14.4589
10;15;-12.3005
11;13;57.4659
11;14;59.2311
11;15;-16.3484
12;13;-21.3673
12;14;12.9342
12;15;11.6867
2;21;-44.9478
21;15;53.8534
7;22;-52.8393
22;14;67.9808
