1;13;53.6901
1;14;-19.7791
1;15;56.4925
2;13;28.703
2;14;19.3097
2;15;28.1124
3;13;-11.561
3;14;-11.6452
3;15;72.8
4;13;25.9365
4;15;56.8804
5;13;37.6827
5;14;19.5316
5;15;73.9483
6;13;33.3253
6;14;23.9207
6;15;51.7779
7;13;37.9765
7;14;20.8417
7;15;-18.585
8;13;54.8942
8;14;24.5235
8;15;44.7672
9;13;-16.9676
9;15;23.7466
10;13;41.8379
10;14;-14.4589
10;15;-16.5693
11;14;59.2311
11;15;-21.3484
12;13;33.9584
12;14;12.9342
12;15;22.9613
11;17;70.4071
17;13;52.4659
4;25;10.6834
25;14;44.1745
9;32;1.14075
32;38;29.6862
38;14;55.6149
11;8;-20.6377
