1;13;10.9095
1;14;-1.53775
2;13;53.2654
2;14;43.7387
2;15;28.1124
3;13;43.9458
3;14;55.7294
3;15;72.8
4;13;25.9365
4;14;49.1745
4;15;56.8804
5;13;32.6827
5;15;78.9483
6;13;33.3253
6;14;23.9207
6;15;51.7779
7;13;37.9765
7;15;-18.585
8;13;54.8942
8;14;23.956
8;15;44.7672
9;15;18.7466
10;13;36.8379
10;14;-14.4589
10;15;-16.5693
11;13;57.4659
11;14;-1.96277
11;15;-16.3484
12;13;16.0105
12;15;81.893
2;33;75.6055
33;13;38.703
9;39;3.03279
39;13;-16.9676
1;43;-23.7202
43;15;59.7798
5;55;45.9487
55;14;14.5316
7;58;8.08216
58;14;53.1038
