1;13;53.6901
1;15;61.4925
2;13;33.703
2;14;19.3097
2;15;33.1124
3;13;-11.561
3;14;-1.64522
3;15;67.8
4;13;25.9365
4;15;56.8804
5;13;32.6827
5;14;19.5316
5;15;78.9483
6;13;33.3253
6;14;23.9207
6;15;51.7779
7;13;37.9765
7;14;20.8417
8;13;54.8942
8;14;29.5235
8;15;44.7672
9;13;-11.9676
9;14;60.6149
9;15;18.7466
10;13;36.8379
10;14;-14.4589
10;15;-16.5693
11;13;62.4659
11;14;54.2311
11;15;-16.3484
12;13;33.9584
12;14;17.9342
12;15;17.9613
7;20;-32.2548
4;22;-49.3572
22;41;25.6414
41;14;49.1745
1;48;40.4713
48;14;-19.7791
20;55;4.78928
55;15;-18.585
