1;13;56.2679
1;14;64.8023
1;15;62.9939
2;13;54.2995
2;14;19.6645
2;15;28.0193
3;13;-10.7111
3;14;43.8654
3;15;70.6507
4;13;13.8243
4;14;-9.83148
4;15;79.2352
5;13;61.9374
5;14;43.8687
5;15;58.3282
6;13;57.4386
6;14;50.2672
6;15;30.5339
7;13;30.0019
7;14;26.7274
7;15;36.106
8;13;11.8191
8;15;-3.49339
9;15;74.0837
10;13;62.5895
10;14;5.82569
10;15;18.2896
11;13;57.2706
11;14;47.5771
11;15;39.0649
12;13;-6.82979
12;14;-14.8492
12;15;79.6811
8;25;4.73761
25;14;47.8878
9;30;-13.1092
30;13;52.6144
2;0;66.0305
9;53;-18.4708
53;14;54.6635
