1;13;65.9479
1;14;64.8023
1;15;27.0325
2;13;34.7397
2;14;63.2225
2;15;45.0421
3;13;13.3119
3;14;72.6576
3;15;21.0011
4;13;-9.56691
4;14;-8.18736
4;15;64.7953
5;13;73.9129
5;14;59.9646
5;15;61.4139
6;13;5.25347
6;14;5.8587
6;15;-3.5308
7;13;73.5852
7;15;67.4309
8;13;11.8191
8;14;43.7771
8;15;55.9324
9;13;57.5421
9;14;69.6618
9;15;6.27846
10;13;-4.60772
10;15;-3.41182
11;13;77.6798
11;15;-18.6095
12;13;24.7123
12;14;21.2483
12;15;64.613
10;17;-0.119881
17;14;27.0564
7;21;16.8223
21;14;12.4541
11;55;-43.1835
55;14;76.5086
