1;13;58.6901
1;15;56.4925
2;13;33.703
2;15;28.1124
3;14;-6.64522
3;15;72.8
4;13;40.9365
4;14;49.1745
4;15;56.8804
5;13;32.6827
5;14;24.5316
5;15;78.9483
6;13;33.3253
6;14;23.9207
6;15;46.7779
7;13;37.9765
7;14;20.8417
7;15;-18.585
8;13;49.8942
8;15;49.7672
9;13;-16.9676
9;14;55.6149
9;15;18.7466
10;13;36.8379
10;14;-14.4589
10;15;-21.5693
11;13;57.4659
11;14;54.2311
11;15;-16.3484
12;14;12.9342
12;15;27.9613
2;22;0.0238094
22;14;24.3097
3;31;15.0556
31;13;-11.561
12;41;75.8058
41;13;33.9584
8;45;77.3017
45;14;24.5235
1;50;-19.2699
50;14;-19.7791
16;7;81.9335
