1;13;12.8777
1;14;63.6344
1;15;51.4925
2;13;42.3194
2;14;2.36564
2;15;28.1124
3;13;-1.59338
3;14;77.1466
3;15;-8.28346
4;13;-2.33436
4;15;-8.67194
5;13;11.5658
5;15;8.0996
6;13;18.5748
6;14;-3.91756
6;15;56.7779
7;13;37.9765
7;14;20.8417
7;15;-18.585
8;13;54.8942
8;15;44.7672
9;13;-16.9676
9;14;29.6431
10;13;36.8379
10;14;2.46433
10;15;-16.5693
11;13;36.6165
11;14;59.2311
11;15;-16.5284
12;13;33.9584
12;14;33.296
12;16;-61.1521
16;15;43.764
9;17;36.3721
17;15;18.7466
4;22;-66.4814
22;14;49.1745
8;28;-53.7826
28;14;63.3243
5;39;-6.67062
39;14;19.5316
18;5;26.4138
