1;15;56.4925
2;13;33.703
2;14;24.3097
2;15;23.1124
3;13;-11.561
3;14;-6.64522
3;15;67.8
4;13;25.9365
4;15;56.8804
5;13;32.6827
5;14;14.5316
5;15;73.9483
6;13;33.3253
6;14;23.9207
6;15;51.7779
7;13;37.9765
7;15;-18.585
8;13;54.8942
8;14;29.5235
8;15;44.7672
9;13;-21.9676
9;14;60.6149
9;15;18.7466
10;13;36.8379
10;14;-14.4589
10;15;-11.5693
11;13;62.4659
11;14;54.2311
12;13;33.9584
12;14;12.9342
12;15;22.9613
1;22;0.938927
22;13;53.6901
1;24;19.9652
24;14;-19.7791
7;31;-7.08606
31;14;20.8417
11;37;24.9588
37;15;-16.3484
12;3;-63.301
4;44;10.1683
44;14;49.1745
