1;13;53.6901
1;14;78.1835
2;13;33.703
2;14;14.3097
2;15;28.1124
3;14;-1.64522
3;15;48.7861
4;13;25.9365
4;14;24.0105
4;15;56.8804
5;13;32.6827
5;14;19.5316
5;15;78.9483
6;13;33.3253
6;14;13.6351
6;15;30.5339
7;13;37.9765
7;14;20.8417
7;15;45.7304
8;13;65.8676
8;14;47.8878
8;15;44.7672
9;13;-21.9676
9;14;60.6149
9;15;74.0837
10;13;71.0972
10;14;-14.4589
10;15;-16.5693
11;13;57.4659
11;14;59.2311
12;13;11.356
12;15;23.1953
1;12;-75.7247
5;27;70.3437
27;15;78.9483
11;28;34.993
28;15;39.0649
1;50;-60.8975
50;15;-15.2258
