1;13;53.6901
1;14;-24.7791
1;15;61.4925
2;13;28.703
2;14;19.3097
2;15;28.1124
3;13;-11.561
3;14;-6.64522
3;15;77.8
4;13;25.9365
4;14;49.1745
4;15;56.8804
5;13;32.6827
5;14;19.5316
5;15;83.9483
6;13;33.3253
6;14;28.9207
6;15;51.7779
7;13;42.9765
7;14;15.8417
7;15;-18.585
8;13;54.8942
8;15;49.7672
9;13;-16.9676
9;14;65.6149
9;15;23.7466
10;13;31.8379
10;14;-14.4589
10;15;-16.5693
11;13;67.4659
11;14;59.2311
11;15;-21.3484
12;13;33.9584
12;14;12.9342
12;15;22.9613
8;17;-57.9313
17;14;29.5235
9;3;59.5637
15;2;-42.9594
10;7;-56.5516
