1;13;23.7638
1;14;44.0502
1;15;73.081
2;13;57.0952
2;14;24.6645
2;15;58.8534
3;14;47.6628
3;15;58.7861
4;13;7.91775
4;14;24.0105
4;15;40.9179
5;13;56.9374
5;14;13.0337
5;15;16.2115
6;13;64.3372
6;14;15.036
6;15;48.667
7;13;75.6468
7;14;38.864
7;15;45.7304
8;13;77.0693
8;14;28.956
8;15;72.397
9;13;19.8437
9;14;79.4697
9;15;43.4219
10;13;62.5895
10;14;5.82569
10;15;28.845
11;13;75.0252
11;14;67.0128
12;13;-15.1174
12;14;64.5005
12;15;42.5596
30;13;43.9979
1;10;-13.8718
11;38;-38.4451
38;15;-2.10483
3;58;57.2581
58;30;-38.583
7;16;-30.6038
