1;14;-19.7791
2;13;33.703
2;15;13.1124
3;13;-16.561
3;14;-11.6452
3;15;72.8
4;13;25.9365
4;14;49.1745
4;15;56.8804
5;13;32.6827
5;14;19.5316
5;15;73.9483
6;13;33.3253
6;14;23.9207
6;15;56.7779
7;13;37.9765
7;14;20.8417
7;15;-18.585
8;13;54.8942
8;14;19.5235
8;15;44.7672
9;13;-16.9676
9;14;60.6149
9;15;18.7466
10;13;36.8379
10;15;-16.5693
11;13;57.4659
11;14;59.2311
11;15;-21.3484
12;13;33.9584
12;14;7.93417
12;15;22.9613
2;17;-29.7765
17;14;19.3097
1;33;-16.7591
33;13;53.6901
12;3;20.7965
10;39;-68.8075
39;14;-14.4589
1;42;50.9739
42;15;56.4925
