1;14;63.6104
1;15;37.943
2;13;5.62279
2;14;-12.6764
2;15;33.1124
3;13;33.0808
3;14;-6.64522
3;15;33.1033
4;13;74.2228
4;14;44.1745
4;15;53.6747
5;13;62.9201
5;14;19.5316
5;15;7.89682
6;13;-4.24453
6;14;13.6351
6;15;-4.52762
7;13;9.28856
7;14;15.8417
7;15;-18.585
8;13;65.8676
8;14;10.5408
8;15;60.4641
9;13;-16.9676
9;14;55.6149
9;15;67.3381
10;13;36.8379
10;14;-11.5589
10;15;-16.5693
11;13;51.1355
11;14;41.1241
11;15;-5.234
12;14;-13.7795
12;15;64.391
17;13;76.1565
1;27;15.4637
27;13;32.683
12;55;34.3588
55;17;-74.0269
