1;13;-21.7423
1;14;44.0502
1;15;2.61199
2;13;54.2995
2;14;5.64885
2;15;56.9121
3;13;58.5346
3;14;36.4252
3;15;60.0775
4;13;12.9178
4;14;39.9291
4;15;24.8322
5;15;16.2115
6;13;13.0434
6;15;30.5339
7;13;25.0019
7;14;21.7274
7;15;5.1974
8;13;19.3928
8;15;-0.462689
9;13;7.98745
9;14;73.8963
9;15;79.0837
10;13;67.5895
10;14;0.825689
10;15;28.845
11;13;41.8076
11;14;-2.7336
11;15;-2.10483
12;13;13.715
12;14;-13.7795
12;15;7.40964
5;16;0.664165
16;14;43.8687
17;14;59.113
5;21;-19.0361
21;13;61.9374
0;11;-14.701
6;43;-5.2847
43;17;8.69414
48;14;54.2488
2;1;6.62692
4;8;-8.99884
8;67;21.018
67;48;-69.036
