1;13;59.3753
1;14;40.6542
1;15;1.26451
2;13;-9.02223
2;14;24.6645
2;15;-0.0997276
3;13;44.652
3;14;8.22838
3;15;57.6554
4;13;39.6341
4;14;-15.9244
4;15;36.0872
5;14;3.93208
5;15;70.9643
6;13;67.7384
6;14;54.113
6;15;30.5339
7;13;20.0019
7;15;77.9434
8;13;63.3273
8;14;-2.69353
8;15;64.4482
9;13;28.7721
9;14;-4.27249
9;15;43.9009
10;13;76.5682
10;15;44.0368
11;13;48.017
11;14;36.6028
11;15;69.9431
12;13;-15.1174
12;14;6.80837
12;15;23.1953
5;20;8.79027
20;14;4.26258
3;21;-55.9351
21;14;39.2692
4;31;67.1572
31;15;64.7953
2;43;12.4787
43;13;-9.02223
