1;14;68.6104
2;13;69.5354
2;14;-0.197941
2;15;45.0421
3;13;-14.0267
3;14;77.1466
3;15;18.0042
4;13;-9.56691
4;14;12.5177
4;15;-8.67194
5;13;27.1483
5;14;-1.79971
6;14;-11.1886
6;15;-4.52762
7;13;18.4513
7;14;18.5282
7;15;14.4943
8;13;-7.03366
8;15;-5.50538
9;13;3.44413
9;15;82.538
10;13;20.2379
10;14;39.5963
10;15;34.1743
11;13;77.6798
11;14;64.4113
11;15;44.5889
12;13;16.7174
12;14;48.9467
12;15;64.391
1;20;68.5314
20;13;12.8777
1;26;61.9105
26;15;-12.5839
5;34;-9.72726
34;15;70.8109
6;40;16.4181
40;13;26.6169
9;50;-48.7048
50;14;44.9659
8;10;2.29364
