1;13;48.6901
1;14;-19.7791
1;15;46.4925
2;13;33.703
2;14;14.3097
2;15;28.1124
3;14;-6.64522
3;15;72.8
4;13;25.9365
4;14;49.1745
4;15;51.8804
5;13;32.6827
5;15;78.9483
6;13;33.3253
6;14;23.9207
6;15;51.7779
7;13;37.9765
7;14;25.8417
7;15;-18.585
8;13;54.8942
8;14;19.5235
8;15;44.7672
9;13;-16.9676
9;14;65.6149
9;15;18.7466
10;13;31.8379
10;14;-14.4589
10;15;-16.5693
11;13;62.4659
11;14;59.2311
11;15;-16.3484
12;13;33.9584
12;14;12.9342
12;15;22.9613
5;19;-59.8413
19;14;14.5316
3;29;10.2112
29;13;-11.561
12;3;19.8028
