1;13;43.6901
1;14;-19.7791
1;15;-2.32997
2;13;33.703
2;14;24.3097
3;13;52.3975
3;14;-6.64522
3;15;77.8
4;13;40.9365
4;14;-4.47981
4;15;56.8804
5;13;27.6585
5;14;-1.79971
5;15;73.9483
6;13;28.3253
6;14;23.9207
6;15;51.7779
7;13;37.9765
7;14;20.8417
8;14;29.5235
8;15;44.7672
9;13;-16.9676
9;15;23.7466
10;13;41.8379
10;14;-14.4589
10;15;-21.5693
11;13;57.4659
11;14;54.2311
12;13;33.9584
12;14;12.9342
12;15;22.9613
6;23;-16.6727
23;14;23.9207
9;35;36.4764
35;14;55.6149
8;36;-72.3648
36;14;24.5235
7;45;16.0634
45;15;-13.585
9;50;-41.3656
50;35;31.4764
18;4;14.1941
12;18;-67.951
