1;13;15.9095
1;14;40.6542
2;13;33.703
2;14;19.3097
2;15;28.1124
3;13;-6.56098
3;14;-1.64522
3;15;69.9086
4;13;25.9365
4;15;56.8804
5;13;32.6827
5;15;7.89682
6;13;49.7803
6;14;23.9207
6;15;46.7779
7;13;-2.66994
7;15;-18.585
8;13;54.8942
8;14;24.5235
8;15;44.7672
9;13;-16.9676
9;14;69.6618
9;15;23.7466
10;13;-12.7671
10;14;-24.4589
10;15;-16.5693
11;13;57.4659
11;14;59.2311
11;15;-16.3484
12;13;33.9584
12;14;7.93417
12;15;22.9613
4;22;0.455791
22;14;49.1745
1;25;-39.2151
25;15;56.4925
7;28;26.1985
28;14;15.8417
12;42;-78.8168
42;13;49.4091
5;52;-57.1388
52;14;19.5316
15;16;-20.2137
9;4;44.9446
10;5;10.9724
