1;13;53.6901
1;14;-19.7791
1;15;62.9939
2;13;43.703
2;14;45.6564
2;15;28.1124
3;13;32.8635
3;14;-6.64522
3;15;67.8
4;13;51.9462
4;14;49.1745
4;15;56.8804
5;13;32.6827
5;14;-8.70888
5;15;26.142
6;13;33.3253
6;14;23.9207
6;15;51.7779
7;13;47.9765
7;14;-4.21929
7;15;-18.585
8;13;54.8942
8;14;78.6467
8;15;50.7909
9;13;-21.9676
9;14;28.3648
9;15;67.054
10;13;41.8379
10;14;-19.4589
10;15;-16.5693
11;13;40.0492
11;14;13.1479
11;15;-16.3484
12;14;12.9342
12;15;64.391
12;31;-2.05606
31;13;23.9584
11;45;-53.8672
45;13;57.4659
