1;13;58.6901
1;14;-19.7791
1;15;56.4925
2;13;33.703
2;14;29.3097
2;15;33.1124
3;13;-11.561
3;15;72.8
4;13;25.9365
4;15;61.8804
5;13;32.6827
5;14;14.5316
5;15;78.9483
6;13;33.3253
6;14;18.9207
6;15;51.7779
7;13;42.9765
7;14;20.8417
7;15;-18.585
8;13;59.8942
8;14;29.5235
8;15;44.7672
9;14;60.6149
9;15;18.7466
10;13;36.8379
10;14;-14.4589
10;15;-16.5693
11;13;57.4659
11;15;-16.3484
12;14;7.93417
12;15;22.9613
4;24;-33.4352
24;14;44.1745
9;30;68.6873
30;13;-16.9676
12;31;24.3867
31;13;33.9584
3;40;74.2481
40;14;-6.64522
7;10;-6.20545
11;42;-52.6301
42;14;59.2311
0;3;18.5333
