1;13;43.0243
1;14;68.0683
1;15;56.9075
2;13;78.9541
2;14;36.8326
2;15;65.0586
3;13;11.2343
3;14;36.4252
3;15;56.8206
4;13;-7.79138
4;14;13.3569
5;13;19.93
5;14;1.15655
5;15;-16.4481
6;13;-3.98381
6;14;10.8247
6;15;23.3758
7;13;-19.4565
7;14;25.8039
7;15;63.0224
8;13;56.6448
8;15;53.025
9;13;17.9874
9;14;48.4677
9;15;71.0227
10;13;66.7197
10;14;36.0785
10;15;-20.2817
11;13;42.2167
11;14;-7.7336
11;15;-13.2392
12;14;45.388
12;15;39.6191
12;16;-8.54996
16;13;16.0105
8;20;78.9998
20;14;70.4782
4;28;-6.2569
28;15;33.6743
