1;13;53.6901
1;14;-19.7791
1;15;51.4925
2;13;33.703
2;14;19.3097
2;15;28.1124
3;13;-11.561
3;14;-6.64522
3;15;67.8
4;13;25.9365
4;14;39.1745
4;15;56.8804
5;13;37.6827
5;15;78.9483
6;13;38.3253
6;14;18.9207
6;15;51.7779
7;13;37.9765
7;14;25.8417
7;15;-18.585
8;13;54.8942
8;14;29.5235
8;15;39.7672
9;13;-16.9676
9;14;60.6149
9;15;18.7466
10;13;41.8379
10;15;-26.5693
11;13;57.4659
11;15;-11.3484
12;13;38.9584
12;15;27.9613
11;17;-19.8365
5;21;-59.015
21;14;24.5316
10;24;57.7692
24;14;-9.45894
37;14;12.9342
11;44;7.74023
44;14;54.2311
7;8;10.9018
9;4;41.8388
16;15;1.56168
12;58;9.52358
58;37;9.53563
