1;13;-9.71722
1;14;72.3513
1;15;71.5434
2;13;5.62279
2;15;28.1124
3;13;-11.561
3;14;-1.64522
4;13;50.6995
4;14;54.1745
4;15;56.8804
5;13;22.4774
5;14;-3.01797
6;13;23.8924
6;14;-1.98637
6;15;46.7779
7;13;37.9765
7;14;10.8417
7;15;-13.585
8;13;54.8942
8;14;70.4782
8;15;53.7408
9;13;-11.9676
9;15;62.6769
10;13;41.8379
10;14;-9.45894
10;15;-16.5693
11;13;62.4659
11;14;31.0067
11;15;44.5889
12;13;33.9584
9;18;-27.283
18;14;-9.66098
3;19;3.00339
19;15;62.8
4;7;-11.2739
12;26;29.4622
26;15;71.6523
5;30;-13.7705
30;15;3.0996
9;43;-72.3859
43;18;4.12575
17;14;34.4523
10;5;-61.8055
16;14;56.0837
