1;13;53.6901
1;14;-19.7791
1;15;38.245
2;13;1.08632
2;14;48.7387
2;15;32.8885
3;13;-1.59338
3;14;-6.64522
3;15;8.0042
4;13;51.9462
4;14;-16.1735
4;15;56.8804
5;13;27.1483
5;14;1.15655
5;15;78.9483
6;13;69.3372
6;14;-3.91756
6;15;51.7779
7;13;-11.3404
7;14;62.7615
7;15;-7.37781
8;13;30.741
8;15;37.8813
9;13;-16.9676
9;14;33.0552
9;15;23.7466
10;13;42.788
10;14;51.2087
10;15;-16.5693
11;13;51.1355
11;14;11.195
11;15;-16.3484
12;13;23.1844
12;14;12.9342
12;15;64.391
12;26;49.9773
26;13;33.9584
11;31;-66.6594
31;14;69.2311
8;38;-40.8788
38;14;24.5235
11;16;-65.6604
7;40;-60.9763
40;14;20.8417
