1;13;58.6901
1;14;-19.7791
1;15;51.4925
2;13;33.703
2;14;19.3097
2;15;28.1124
3;13;-11.561
3;14;-6.64522
3;15;72.8
4;13;30.9365
4;14;44.1745
4;15;56.8804
5;13;32.6827
5;15;78.9483
6;13;28.3253
6;14;23.9207
6;15;51.7779
7;13;37.9765
8;13;54.8942
8;14;24.5235
8;15;44.7672
9;13;-16.9676
9;14;60.6149
9;15;23.7466
10;13;36.8379
10;14;-14.4589
10;15;-21.5693
11;13;57.4659
11;14;59.2311
11;15;-16.3484
12;13;33.9584
12;14;12.9342
12;15;22.9613
7;19;13.2314
19;14;25.8417
7;27;77.6691
27;36;-8.79268
36;15;-23.585
7;12;-53.468
5;54;70.2478
54;14;19.5316
8;58;23.9765
58;0;-1.38051
18;14;48.8647
