1;13;-9.37281
1;14;-18.5193
1;15;-7.88568
2;13;-16.2594
2;14;37.8613
2;15;46.1792
3;13;15.5369
3;15;60.0129
4;13;70.0163
4;14;51.6199
4;15;64.7953
5;13;7.48965
5;14;9.64403
5;15;3.0996
6;13;45.8198
6;14;29.8144
6;15;55.5581
7;13;55.2479
7;14;-18.5421
8;14;39.1111
8;15;78.3596
9;13;29.5977
9;14;9.63717
9;15;-3.08233
10;13;71.9591
10;14;45.4029
10;15;-6.09418
11;13;39.3892
11;14;-15.5634
11;15;-18.6095
12;13;52.4252
12;14;6.80837
12;15;0.627987
1;36;-9.14357
36;14;5.66733
8;46;-78.5261
46;13;66.2147
