1;13;23.7638
1;14;63.6104
1;15;56.4925
2;13;2.10094
2;14;8.42934
2;15;41.2442
3;13;37.8635
3;14;-6.64522
3;15;39.5045
4;13;51.9462
4;15;58.6747
5;13;11.5658
5;14;19.5316
5;15;3.0996
6;13;18.5748
6;14;33.2846
6;15;-4.52762
7;13;35.5398
7;14;50.8262
7;15;18.0215
8;13;18.2167
8;14;24.5235
8;15;53.7408
9;13;-0.901644
9;14;44.9659
9;15;77.3381
10;13;71.9591
10;14;-11.5589
10;15;-16.5693
11;13;57.4659
11;14;59.2311
11;15;-10.7142
12;13;-19.3995
12;14;12.9342
12;15;64.391
4;46;-43.13
46;14;44.1745
6;49;-27.451
49;0;65.9168
11;56;-71.8511
56;5;14.0888
