1;13;-0.245626
1;15;43.0424
2;13;14.256
2;14;-8.08887
2;15;28.7639
3;13;44.652
3;14;74.8911
3;15;69.9086
4;13;16.1917
4;14;-3.03929
4;15;25.2568
5;13;36.3617
5;14;-19.4591
5;15;-16.9366
6;13;32.5747
6;14;41.8925
6;15;76.7277
7;13;50.3571
7;14;62.9808
7;15;78.7197
8;13;16.1949
8;14;80.4782
8;15;50.7909
9;13;28.1733
9;14;77.0634
9;15;3.18458
10;13;76.5682
10;14;-16.4986
10;15;-3.30454
11;13;61.1355
11;15;67.3021
12;13;-6.82979
12;14;-4.25311
12;15;-16.072
27;14;56.0249
3;28;55.3625
28;13;15.5369
11;35;-8.77927
35;13;51.1355
6;40;-47.2101
40;15;29.6196
