1;13;48.6901
1;14;-24.7791
2;13;33.703
2;14;19.3097
2;15;33.1124
3;13;-11.561
3;14;-6.64522
3;15;72.8
4;13;25.9365
4;15;56.8804
5;13;32.6827
5;14;19.5316
5;15;78.9483
6;13;38.3253
6;15;46.7779
7;13;37.9765
7;14;15.8417
7;15;-18.585
8;13;59.8942
8;14;24.5235
8;15;44.7672
9;14;65.6149
10;13;36.8379
10;14;-14.4589
10;15;-16.5693
11;13;57.4659
11;14;54.2311
11;15;-16.3484
12;13;33.9584
12;14;12.9342
12;15;22.9613
9;19;-63.0794
19;15;18.7466
9;28;-19.3475
28;13;-16.9676
4;29;46.6038
29;14;49.1745
1;48;-3.05435
48;15;56.4925
6;51;24.329
51;14;18.9207
