1;13;58.6901
1;14;-24.7791
1;15;56.4925
2;13;38.703
2;14;19.3097
2;15;28.1124
3;13;-11.561
3;14;-1.64522
3;15;72.8
4;13;25.9365
4;15;56.8804
5;13;32.6827
5;14;29.5316
5;15;78.9483
6;13;28.3253
6;14;18.9207
6;15;51.7779
7;13;37.9765
7;14;20.8417
7;15;-18.585
8;13;54.8942
8;14;24.5235
8;15;49.7672
9;13;-16.9676
9;14;60.6149
9;15;18.7466
10;13;36.8379
10;14;-9.45894
10;15;-16.5693
11;13;62.4659
11;15;-16.3484
12;13;33.9584
12;14;12.9342
12;15;22.9613
9;8;30.8873
4;33;-26.0631
33;14;44.1745
11;46;-31.7373
46;14;59.2311
