1;14;-19.7791
1;15;32.0118
2;13;-9.02223
2;14;-12.6764
2;15;31.4382
3;13;75.2662
3;14;26.4393
3;15;33.1033
4;13;39.6341
4;14;75.8957
4;15;-14.9832
5;13;1.91361
5;14;60.333
5;15;-26.9366
6;13;28.5748
6;15;76.7277
7;13;35.5398
7;14;16.1601
7;15;60.9371
8;13;23.6149
8;15;-12.1742
9;13;6.04449
9;14;-4.27249
9;15;4.41486
10;13;71.9591
10;14;15.7193
10;15;34.1743
11;13;51.1355
11;14;41.1241
11;15;60.9095
12;13;21.7174
12;14;33.296
12;15;71.893
8;16;9.92905
16;15;63.9868
1;17;-10.2556
17;13;41.947
11;33;17.4202
33;15;27.7961
8;41;9.22996
41;14;36.6557
9;2;74.5603
