1;13;25.7716
1;14;-5.77107
1;15;-1.36402
2;13;78.9541
2;14;0.648853
2;15;51.9121
3;13;37.8635
3;14;47.4605
3;15;9.35201
4;13;62.5058
4;14;0.0352364
4;15;29.8322
5;13;19.93
5;14;-3.01797
5;15;38.6115
6;13;32.5747
6;14;5.82469
6;15;23.3758
7;14;45.8262
7;15;62.0146
8;13;-5.11626
8;14;58.7986
8;15;-5.9662
9;13;23.1733
9;14;12.3852
9;15;67.6769
10;13;71.7694
10;14;48.5986
10;15;39.0368
11;13;5.93244
11;14;26.0067
11;15;39.5889
12;13;-9.04754
12;14;5.74689
12;15;59.391
12;7;-72.959
7;40;-8.44699
40;13;23.899
