1;13;23.7638
1;14;49.3692
1;15;73.081
2;13;38.703
2;15;28.1124
3;13;-11.561
3;14;-6.64522
3;15;53.8231
4;13;2.66564
4;14;24.0105
4;15;20.1188
5;13;42.6827
5;14;19.5316
5;15;3.0996
6;13;33.3253
6;14;-6.18863
6;15;51.7779
7;13;1.22687
7;15;-18.585
8;13;65.8676
8;14;-18.6839
8;15;53.7408
9;13;-16.9676
9;14;33.0552
9;15;32.3745
10;13;4.69897
10;15;-21.5693
11;13;75.0252
11;14;72.0128
11;15;-5.234
12;13;-19.3995
12;14;12.9342
12;15;32.9613
17;14;8.42934
6;28;65.3612
28;14;23.9207
10;35;22.9189
35;14;-14.4589
2;60;28.9364
60;17;-53.8913
