1;13;59.3753
1;14;40.6542
2;13;-9.02223
2;14;24.6645
2;15;-5.09973
3;13;63.5346
3;14;39.2692
3;15;47.6554
4;13;7.91775
4;14;-18.4301
4;15;36.0872
5;13;36.3617
5;14;43.8687
5;15;-18.1089
6;13;9.38414
6;14;-14.0927
6;15;30.5339
7;13;40.1427
7;14;26.7274
7;15;5.1974
8;13;77.0693
8;14;-2.69353
8;15;24.7982
9;13;3.52452
9;14;54.5231
9;15;79.0837
10;13;57.5895
10;14;5.82569
10;15;9.28891
11;13;68.2204
11;14;-14.799
11;15;-2.10483
12;14;27.5806
12;15;37.5596
12;19;-73.1736
19;13;-15.1174
7;32;32.7093
32;15;5.1974
1;44;18.3773
44;15;71.5434
0;50;-16.1585
50;1;-9.4229
