1;13;14.7116
1;14;-1.53775
2;13;59.2995
2;15;12.7805
3;13;63.9813
3;14;47.6628
3;15;70.6507
4;13;48.4757
4;14;-18.4301
4;15;40.9179
5;13;33.2441
5;14;43.8687
5;15;7.89682
6;13;18.0434
6;14;15.036
6;15;48.667
7;13;70.6468
7;14;26.7274
8;13;77.0693
8;14;28.956
8;15;8.87778
9;13;57.5767
9;14;61.4767
9;15;48.4219
10;13;76.0972
10;14;5.82569
10;15;-19.6421
11;13;57.2706
11;14;72.0128
12;13;-15.1174
12;14;75.8637
12;15;-3.39059
1;16;37.6553
16;15;7.61199
8;17;13.3776
17;15;72.397
5;6;-54.1256
2;38;67.7864
38;14;8.42934
5;40;-8.65594
40;14;53.8687
11;42;-12.7666
42;15;-5.234
4;0;-4.34466
12;5;75.1199
3;8;5.91307
