1;13;-11.7423
1;15;53.7939
2;13;33.703
2;14;23.8562
2;15;23.1124
3;13;54.0438
3;14;57.8903
3;15;67.8
4;13;40.9365
4;14;49.1745
4;15;61.8804
5;13;69.042
5;15;78.9483
6;13;33.3253
6;15;51.7779
7;13;37.9765
7;15;-18.585
8;13;54.8942
8;14;78.1109
8;15;-15.3153
9;13;-21.9676
9;14;2.54909
9;15;18.7466
10;13;63.505
10;14;-14.4589
10;15;-24.6421
11;13;42.2167
11;14;59.2311
11;15;-16.3484
12;13;18.6497
12;14;7.93417
12;15;76.893
5;23;44.8934
23;14;-3.01797
28;13;45.6098
12;41;34.2151
41;15;23.3742
6;56;30.19
56;14;23.9207
9;1;-59.037
9;64;59.0812
64;28;-3.82205
