1;13;53.6901
1;14;-24.7791
1;15;61.4925
2;13;23.703
2;14;19.3097
2;15;28.1124
3;13;-16.561
3;14;-11.6452
3;15;72.8
4;13;25.9365
4;15;56.8804
5;13;32.6827
5;14;19.5316
5;15;78.9483
6;13;33.3253
6;14;23.9207
6;15;41.7779
7;13;37.9765
7;14;15.8417
7;15;-13.585
8;13;54.8942
8;14;24.5235
8;15;44.7672
9;13;-21.9676
9;14;60.6149
9;15;13.7466
10;13;36.8379
10;14;-19.4589
10;15;-21.5693
11;13;52.4659
11;14;59.2311
11;15;-21.3484
12;13;28.9584
12;15;22.9613
16;14;-7.08622
12;17;72.4356
17;14;7.93417
8;22;-47.631
22;15;44.7672
29;15;83.9483
9;37;-18.6513
37;13;-16.9676
12;5;32.9945
48;14;-14.7791
3;11;16.2847
5;65;76.9993
65;29;12.5812
