1;13;53.6901
1;14;-24.7791
1;15;51.4925
2;13;33.703
2;14;14.3097
2;15;33.1124
3;13;-6.56098
3;14;-6.64522
3;15;72.8
4;13;25.9365
4;14;49.1745
4;15;56.8804
5;13;32.6827
5;14;19.5316
6;13;33.3253
6;14;23.9207
6;15;51.7779
7;13;42.9765
7;14;20.8417
8;13;54.8942
8;14;24.5235
8;15;39.7672
9;13;-11.9676
9;15;18.7466
10;13;41.8379
10;14;-14.4589
10;15;-16.5693
11;13;57.4659
11;14;54.2311
11;15;-16.3484
12;13;33.9584
12;14;12.9342
12;15;22.9613
5;19;13.848
19;15;83.9483
7;25;9.04365
25;15;-18.585
9;30;-49.2327
30;14;65.6149
