1;13;53.6901
1;14;24.4097
1;15;56.4925
2;13;33.703
2;14;1.91549
2;15;28.1124
3;13;31.4352
3;14;-1.64522
3;15;72.8
4;13;25.9365
4;14;49.1745
4;15;56.8804
5;13;32.6827
5;14;19.5316
5;15;78.9483
6;13;8.428
6;14;3.01363
6;15;15.9247
7;13;23.899
7;14;65.3784
7;15;48.3098
8;13;58.6187
8;14;18.6299
8;15;44.7672
9;13;-16.9676
9;14;60.6149
9;15;40.0405
10;13;76.7694
10;14;-9.07666
10;15;-16.5693
11;13;57.4659
11;14;60.2604
11;15;11.3187
12;14;12.9342
12;15;22.9613
12;23;-48.475
23;13;33.9584
2;1;-11.9517
