1;13;64.0188
1;14;35.2485
1;15;41.3161
2;13;45.3087
2;14;27.9777
2;15;28.1124
3;13;-11.561
3;14;65.7294
3;15;72.8
4;13;50.6995
4;14;-3.18736
4;15;72.7614
5;13;-7.33308
5;14;9.64403
5;15;-21.4579
6;13;23.8924
6;14;-19.4924
6;15;63.1462
7;13;69.2324
7;14;9.22074
7;15;-18.3699
8;13;-0.650732
8;14;30.2401
8;15;-5.9662
9;13;56.1612
9;14;-17.0524
9;15;71.0227
10;13;76.7694
10;14;-2.517
10;15;-5.60584
11;13;52.4659
11;15;-5.71416
12;13;-19.4157
12;15;55.3383
11;28;58.0015
28;14;-0.929077
12;33;66.8766
33;14;61.3904
