1;13;48.6901
1;14;-9.77908
1;15;51.4925
2;13;33.703
2;14;14.3097
2;15;23.1124
3;13;-11.561
3;14;-6.64522
3;15;72.8
4;13;25.9365
4;15;61.8804
5;13;32.6827
5;14;19.5316
5;15;73.9483
6;13;33.3253
6;14;28.9207
6;15;51.7779
7;13;42.9765
7;14;25.8417
7;15;-18.585
8;13;54.8942
8;14;29.5235
8;15;39.7672
9;13;-21.9676
9;14;50.6149
9;15;18.7466
10;13;41.8379
10;14;-14.4589
10;15;-21.5693
11;13;57.4659
11;14;59.2311
11;15;-21.3484
12;13;33.9584
12;14;17.9342
12;15;27.9613
4;16;38.4102
16;14;49.1745
9;5;32.9727
8;0;24.8695
