1;13;23.7638
1;14;-19.7791
1;15;73.081
2;13;33.703
2;14;19.3097
2;15;53.8534
3;13;43.9979
3;14;-6.64522
3;15;72.8
4;13;25.9365
4;14;49.1745
4;15;56.8804
5;14;13.0337
5;15;2.89682
6;13;69.3372
6;14;15.036
6;15;48.667
7;13;42.9765
7;14;20.8417
7;15;45.7304
8;13;65.8676
8;14;24.5235
8;15;72.397
9;14;65.6149
10;13;66.0972
10;14;0.541064
10;15;-16.5693
11;13;75.0252
11;14;72.0128
11;15;-21.3484
12;14;44.1081
12;15;22.9613
9;16;34.2287
16;15;48.4219
9;22;5.74628
5;31;-7.71365
31;13;62.9201
12;38;23.9605
38;13;33.9584
22;48;-69.2972
48;13;24.8437
