1;13;53.6901
1;14;-14.7791
1;15;61.4925
2;13;33.703
2;14;19.3097
2;15;28.1124
3;13;-11.561
3;15;72.8
4;13;25.9365
4;14;54.1745
4;15;61.8804
5;14;14.5316
5;15;83.9483
6;13;33.3253
6;14;23.9207
6;15;51.7779
7;13;37.9765
7;15;-18.585
8;13;54.8942
8;14;24.5235
8;15;44.7672
9;13;-21.9676
9;15;18.7466
10;13;41.8379
10;14;-14.4589
10;15;-21.5693
11;13;57.4659
11;14;59.2311
11;15;-16.3484
12;13;33.9584
12;14;12.9342
12;15;22.9613
3;30;62.8139
30;14;-6.64522
5;35;-79.3706
35;13;32.6827
9;36;-8.95463
36;14;60.6149
7;39;-33.0354
39;14;20.8417
11;10;72.8104
