1;13;53.6901
1;14;-19.7791
1;15;61.4925
2;13;28.703
2;15;28.1124
3;13;-11.561
3;14;-11.6452
3;15;72.8
4;13;20.9365
4;14;44.1745
4;15;56.8804
5;13;32.6827
5;14;19.5316
5;15;78.9483
6;13;33.3253
6;15;51.7779
7;13;42.9765
7;14;20.8417
8;13;54.8942
8;15;44.7672
9;13;-16.9676
9;14;2.54909
9;15;33.1936
10;13;76.5682
10;14;-9.45894
10;15;-16.5693
11;13;57.4659
11;14;59.2311
11;15;-16.3484
12;13;33.9584
12;14;47.3937
12;15;22.9613
6;20;-52.1849
20;14;23.9207
8;31;6.00432
31;14;24.5235
9;34;2.01405
34;14;55.6149
9;0;4.73846
