1;13;48.6901
1;14;-14.7791
1;15;71.4925
2;13;33.703
2;15;28.1124
3;15;77.8
4;13;20.9365
4;14;49.1745
4;15;51.8804
5;13;37.6827
5;14;19.5316
5;15;78.9483
6;13;33.3253
6;14;23.9207
6;15;46.7779
7;13;37.9765
7;14;20.8417
7;15;-13.585
8;13;54.8942
8;15;49.7672
9;13;-16.9676
9;14;55.6149
9;15;18.7466
10;13;36.8379
10;14;-14.4589
10;15;-26.5693
11;14;59.2311
11;15;-16.3484
12;13;28.9584
12;15;32.9613
3;17;-61.175
17;13;-11.561
11;18;-53.5303
18;13;57.4659
2;21;19.2109
21;14;19.3097
3;22;-33.9694
22;14;-6.64522
12;24;19.5897
24;14;12.9342
8;40;55.4794
40;14;24.5235
