1;13;53.6901
1;14;-19.7791
1;15;46.4925
2;13;33.703
2;14;19.3097
2;15;28.1124
3;13;-11.561
3;14;-6.64522
3;15;82.8
4;13;25.9365
4;15;56.8804
5;13;27.6827
5;14;9.5316
5;15;78.9483
6;13;28.3253
6;14;23.9207
6;15;51.7779
7;13;37.9765
7;15;-13.585
8;13;54.8942
8;15;44.7672
9;13;-16.9676
9;14;60.6149
9;15;18.7466
10;13;36.8379
10;14;-14.4589
10;15;-11.5693
11;13;57.4659
11;14;59.2311
11;15;-11.3484
12;13;33.9584
12;14;12.9342
12;15;22.9613
4;19;-61.9653
19;14;49.1745
7;25;-10.6385
25;14;20.8417
8;29;-13.132
29;14;24.5235
11;10;78.5412
0;9;-3.0932
