1;13;59.3753
1;14;72.3513
1;15;53.7939
2;13;49.2995
2;14;18.8562
2;15;41.2442
3;13;70.2662
3;14;52.6628
3;15;69.9086
4;15;33.6743
5;13;61.9374
5;14;27.7551
5;15;3.0996
6;13;26.6169
6;14;33.2846
6;15;25.5339
7;13;30.0019
7;14;26.7274
7;15;54.923
8;13;32.4063
8;14;66.0587
8;15;53.7408
9;13;3.52452
9;14;44.9659
9;15;13.1846
10;13;71.9591
10;14;-2.517
11;13;57.2706
11;15;-2.10483
12;13;21.0105
12;14;33.296
12;15;71.6523
16;15;28.845
10;29;-0.853575
29;16;32.6553
11;34;-16.9376
34;14;-14.799
4;37;21.1765
37;14;13.3569
4;43;14.3711
43;13;56.7014
1;6;60.9848
