1;13;58.6901
1;14;64.8023
1;15;56.4925
2;14;19.3097
2;15;28.1124
3;13;69.2318
3;15;48.7861
4;13;25.9365
4;14;-8.18736
5;13;22.6827
5;14;19.5316
5;15;83.9483
6;13;33.3253
6;14;18.9207
6;15;34.0197
7;14;20.8417
7;15;-18.585
8;13;44.8942
8;14;44.1188
8;15;1.95841
9;13;-16.9676
9;15;28.7466
10;13;76.0972
10;14;-14.4589
11;13;39.3892
11;14;59.2311
11;15;-16.3484
12;13;71.1565
12;14;12.9342
12;15;74.6811
6;16;21.532
16;15;51.7779
2;20;-11.5875
20;13;33.703
9;29;18.0564
29;14;65.6149
3;41;65.3712
41;14;3.35478
7;44;-71.955
44;13;42.9765
4;45;23.4283
45;14;44.1745
0;1;62.0426
10;64;-14.1581
64;15;72.3069
