1;13;48.6901
1;14;-14.7791
1;15;51.4925
2;13;28.703
2;15;28.1124
3;13;-11.561
3;14;-6.64522
3;15;77.8
4;13;25.9365
4;14;49.1745
4;15;61.8804
5;13;37.6827
5;14;19.5316
5;15;78.9483
6;13;33.3253
6;14;23.9207
6;15;51.7779
7;13;37.9765
7;14;20.8417
8;13;54.8942
8;14;29.5235
8;15;44.7672
9;13;-21.9676
9;14;60.6149
9;15;18.7466
10;13;36.8379
10;14;-14.4589
10;15;-16.5693
11;13;57.4659
11;15;-16.3484
12;13;33.9584
12;14;12.9342
12;15;22.9613
7;18;25.8913
18;15;-18.585
5;42;-9.85275
42;14;19.5316
2;51;43.1061
51;14;19.3097
10;11;48.9859
5;7;-16.7177
