1;13;48.6901
1;14;-24.7791
1;15;56.4925
2;13;33.703
2;14;19.3097
2;15;28.1124
3;13;-11.561
3;14;-6.64522
3;15;72.8
4;13;30.9365
4;14;49.1745
4;15;56.8804
5;13;32.6827
5;14;19.5316
5;15;78.9483
6;13;33.3253
6;14;23.9207
6;15;56.7779
7;13;32.9765
7;14;15.8417
7;15;-18.585
8;13;59.8942
8;14;24.5235
8;15;44.7672
9;13;-16.9676
9;15;18.7466
10;13;46.8379
10;14;-14.4589
10;15;-16.5693
11;13;57.4659
11;14;54.2311
11;15;-16.3484
12;13;33.9584
12;14;17.9342
12;15;22.9613
9;16;-36.8575
16;14;60.6149
6;0;4.34466
14;0;-26.7827
12;1;-63.849
