1;13;53.6901
1;14;-19.7791
2;13;33.703
2;14;19.3097
2;15;28.1124
3;13;-11.561
3;14;-6.64522
3;15;77.8
4;13;25.9365
4;14;49.1745
4;15;56.8804
5;14;19.5316
5;15;78.9483
6;13;33.3253
6;14;28.9207
6;15;51.7779
7;13;32.9765
7;14;20.8417
7;15;-18.585
8;13;54.8942
8;14;24.5235
8;15;44.7672
9;13;-16.9676
9;14;60.6149
9;15;18.7466
10;13;36.8379
10;14;-14.4589
10;15;-16.5693
11;13;57.4659
11;14;59.2311
11;15;-16.3484
12;14;12.9342
12;15;32.9613
12;25;-33.8263
25;13;28.9584
5;41;25.3154
41;13;27.6827
13;0;-26.5038
9;6;62.3169
