1;13;58.6901
1;14;-19.7791
1;15;56.4925
2;13;38.703
2;15;28.1124
3;13;-6.56098
3;14;-6.64522
3;15;72.8
4;13;25.9365
4;14;49.1745
4;15;56.8804
5;13;32.6827
5;14;24.5316
5;15;78.9483
6;13;33.3253
6;14;23.9207
6;15;56.7779
7;13;37.9765
7;14;20.8417
8;13;54.8942
8;14;19.5235
8;15;49.7672
9;13;-21.9676
9;15;18.7466
10;13;36.8379
10;14;-14.4589
10;15;-16.5693
11;13;57.4659
11;14;59.2311
11;15;-16.3484
12;13;33.9584
12;14;12.9342
12;15;32.9613
7;32;-29.0565
32;15;-18.585
9;42;-56.5683
42;14;60.6149
2;54;8.23547
54;14;24.3097
5;0;-72.6777
