1;13;58.6901
1;14;-19.7791
1;15;56.4925
2;13;33.703
2;14;19.3097
3;13;-11.561
3;14;-6.64522
3;15;72.8
4;13;25.9365
4;14;39.1745
4;15;56.8804
5;13;32.6827
6;13;28.3253
6;14;23.9207
6;15;51.7779
7;13;37.9765
7;14;20.8417
7;15;-18.585
8;13;54.8942
8;14;24.5235
8;15;49.7672
9;13;-16.9676
9;14;55.6149
10;13;31.8379
10;14;-14.4589
10;15;-16.5693
11;13;57.4659
11;15;-21.3484
12;13;33.9584
12;14;12.9342
12;15;22.9613
11;20;-69.4836
20;14;59.2311
12;3;-81.9245
2;32;48.2199
32;15;23.1124
5;37;-12.9655
37;14;19.5316
9;40;22.7243
40;15;18.7466
5;42;-3.30658
42;15;78.9483
