1;13;58.6901
1;15;73.081
2;13;33.703
2;14;-1.57066
2;15;53.8534
3;14;15.4049
3;15;48.7861
4;13;25.9365
4;14;49.1745
4;15;56.8804
5;13;27.6827
5;14;24.5316
5;15;78.9483
6;13;33.3253
6;14;23.9207
6;15;51.7779
7;13;75.6468
7;14;38.864
7;15;45.7304
8;13;65.8676
8;14;23.956
8;15;44.7672
9;13;-16.9676
9;14;60.6149
9;15;18.7466
10;13;71.0972
10;15;-16.5693
11;13;70.0252
11;15;-5.234
12;13;33.9584
12;14;34.1081
12;15;22.9613
3;29;-7.3533
29;13;-11.561
10;31;27.4598
31;14;28.2491
35;14;73.1835
11;36;2.08156
36;14;72.0128
