1;13;14.7116
1;14;-5.77107
1;15;49.2076
2;13;76.8395
2;14;17.3556
2;15;53.8534
3;13;-11.561
3;14;8.71895
4;13;55.6143
4;14;49.1745
4;15;56.8804
5;13;32.6827
5;14;15.0505
5;15;2.89682
6;14;-1.98637
6;15;30.5339
7;13;37.9765
7;15;71.5221
8;13;23.2873
8;14;49.2488
8;15;44.7672
9;13;-16.9676
9;14;61.4767
9;15;72.538
10;13;36.8379
10;14;-4.46636
10;15;-16.5693
11;13;77.4499
11;14;59.2311
11;15;-16.3484
12;13;-19.3046
12;14;27.5806
12;15;17.4096
7;24;10.1089
2;27;3.69414
27;13;33.703
3;29;-35.1284
29;15;72.8
7;33;36.6122
33;13;67.3271
24;49;-0.0383148
49;15;-23.585
8;18;64.9477
