1;13;53.6901
1;15;40.9106
2;13;33.703
2;14;19.3097
2;15;28.1124
3;14;47.6628
3;15;72.8
4;13;25.9365
4;14;54.1745
4;15;56.8804
5;13;43.7906
5;14;19.5316
5;15;78.9483
6;13;51.7908
6;14;43.6125
6;15;55.5581
7;13;37.9765
7;15;79.9994
8;13;39.3211
8;14;46.6557
8;15;44.7672
9;13;57.5767
9;15;27.3745
10;13;62.5895
10;14;-14.4589
10;15;-16.5693
11;13;52.4659
11;14;59.2311
11;15;-8.68685
12;13;23.6497
12;14;12.9342
12;15;61.9695
8;21;62.8327
21;14;24.5235
7;37;-14.2406
37;14;25.8417
9;38;58.0249
38;14;60.6149
3;42;-30.7717
42;13;-16.561
1;55;40.8727
55;14;44.3692
16;11;14.3549
