1;13;25.7716
1;14;-19.7791
2;13;62.1842
2;15;38.9637
3;13;37.8635
3;14;-6.64522
3;15;72.8
4;13;62.5058
4;14;-14.8315
4;15;79.2352
5;13;27.6585
5;15;83.9483
6;13;33.3253
6;14;23.9207
6;15;34.0197
7;13;32.9765
7;14;62.9808
7;15;-18.585
8;13;54.8942
8;14;19.5235
8;15;44.7672
9;13;-16.9676
9;14;29.7259
9;15;18.7466
10;13;38.2514
10;15;-16.5693
11;13;57.4659
11;14;59.2311
11;15;-21.3484
12;13;-16.3673
12;15;57.8257
5;29;15.085
29;14;19.5316
10;31;-49.1216
5;6;25.4739
2;33;4.31241
33;14;19.3097
12;46;4.85591
46;14;5.74689
31;58;2.00837
58;14;76.3092
