1;13;-10.2456
1;14;8.10594
1;15;40.9106
2;13;32.3548
2;14;69.7052
2;15;54.8551
3;13;54.0438
3;14;45.7294
3;15;79.9241
4;14;-3.03929
4;15;-8.67194
5;13;22.8309
5;14;60.4538
5;15;-26.9366
6;13;56.0475
6;14;2.27293
6;15;44.0197
7;13;48.4445
7;14;18.3188
7;15;4.39051
8;14;9.41604
8;15;63.9868
9;13;57.5767
9;14;28.7891
9;15;28.1936
10;13;-1.0249
10;14;-19.5838
11;13;26.2065
11;14;-6.74424
11;15;-12.547
12;14;-14.7471
12;15;82.7706
4;17;-44.267
17;15;0.357805
8;22;-47.3098
22;13;39.8481
12;23;-50.0969
23;13;-20.7511
4;31;-1.74597
4;54;-4.19569
54;31;-1.74597
31;58;-51.7152
58;13;16.3617
5;11;6.54874
