1;13;53.6901
1;14;-19.7791
1;15;51.4925
2;13;33.703
2;14;19.3097
2;15;28.1124
3;14;-6.64522
3;15;67.8
4;13;25.9365
4;14;49.1745
4;15;56.8804
5;13;2.2978
5;14;24.5316
5;15;78.9483
6;13;38.3253
6;14;18.9207
6;15;46.7779
7;13;37.9765
7;14;10.8417
7;15;-18.585
8;13;54.8942
8;15;44.7672
9;13;-11.9676
9;15;23.7466
10;13;36.8379
10;15;-16.5693
11;13;57.4659
11;14;59.2311
11;15;-16.3484
12;14;22.9342
12;15;22.9613
10;21;-8.34105
21;14;-14.4589
9;23;-39.5083
23;14;60.6149
1;33;-46.3757
33;13;53.6901
3;38;-38.551
38;13;-11.561
8;48;-26.9768
48;14;24.5235
3;2;-52.9703
