1;13;58.6901
1;14;-14.7791
2;13;33.703
2;14;19.3097
2;15;33.1124
3;13;-6.56098
3;14;-6.64522
3;15;67.8
4;13;20.9365
4;15;56.8804
5;13;78.4927
5;14;19.5316
5;15;79.4318
6;13;33.3253
6;14;23.9207
6;15;51.7779
7;13;37.9765
7;14;15.8417
7;15;-33.585
8;13;49.8942
8;15;49.7672
9;13;-16.9676
9;14;60.6149
9;15;18.7466
10;13;31.8379
10;14;16.7118
10;15;-16.5693
11;13;57.4659
11;14;-0.446192
11;15;-16.3484
12;13;28.9584
12;14;-5.57537
12;15;22.9613
4;19;33.6418
19;14;49.1745
8;22;-69.4797
10;6;-17.4097
22;40;-6.46103
40;14;19.5235
4;46;-39.6847
46;19;33.6418
11;10;18.0525
4;12;-20.1004
10;3;-13.854
5;2;17.9495
12;6;-67.177
16;1;-5.65161
