1;13;58.6901
1;14;-14.7791
1;15;56.4925
2;13;28.703
2;15;33.1124
3;13;-11.561
3;14;-1.64522
3;15;72.8
4;13;25.9365
4;14;49.1745
4;15;56.8804
5;13;37.6827
5;15;73.9483
6;13;48.3253
6;14;23.9207
6;15;51.7779
7;13;37.9765
7;14;20.8417
7;15;-18.585
8;13;59.8942
8;14;24.5235
8;15;44.7672
9;13;-16.9676
9;15;18.7466
10;13;41.8379
10;14;-24.4589
10;15;-21.5693
11;13;62.4659
11;15;-21.3484
12;14;12.9342
12;15;27.9613
2;17;-33.4249
17;14;24.3097
9;20;70.8738
20;14;65.6149
5;21;27.3781
21;14;29.5316
12;28;-21.7662
28;13;33.9584
11;30;-37.6917
30;14;59.2311
11;18;45.3885
18;7;-60.2051
1;9;13.2499
