1;13;53.6901
1;14;-19.7791
1;15;56.4925
2;13;33.703
2;14;29.6645
2;15;28.1124
3;14;-15.5271
3;15;21.0011
4;13;25.9365
4;14;-13.1874
4;15;40.9179
5;13;27.6827
5;14;19.5316
5;15;78.9483
6;13;18.0434
6;14;23.9207
6;15;51.7779
7;13;30.0019
7;14;20.8417
7;15;18.6669
8;13;54.8942
8;14;5.5408
8;15;44.7672
9;13;-16.9676
9;14;12.3852
9;15;48.4219
10;13;63.0012
10;14;39.5963
10;15;-8.41182
11;13;57.2706
11;14;26.0067
12;13;-19.4157
12;14;7.93417
12;15;17.9613
2;17;39.8032
17;14;14.3097
3;50;60.8506
50;13;-11.561
