1;13;53.6901
1;14;-24.7791
1;15;61.4925
2;13;33.703
2;14;19.3097
2;15;28.1124
3;13;3.43902
3;14;-1.64522
3;15;72.8
4;13;30.9365
4;14;49.1745
4;15;61.8804
5;13;32.6827
5;14;19.5316
5;15;78.9483
6;13;33.3253
6;14;18.9207
6;15;51.7779
7;13;42.9765
7;14;15.8417
7;15;-23.585
8;13;54.8942
8;14;19.5235
8;15;44.7672
9;13;-26.9676
9;15;28.7466
10;13;36.8379
10;14;-19.4589
10;15;-16.5693
11;13;57.4659
11;14;59.2311
11;15;-11.3484
12;13;28.9584
12;14;12.9342
9;22;11.597
22;14;55.6149
12;24;-75.5711
9;4;47.2284
3;38;30.4074
38;13;-11.561
5;48;38.3771
48;14;19.5316
24;61;16.3707
61;15;22.9613
19;5;38.0591
