1;13;53.6901
1;14;-24.7791
1;15;56.4925
2;13;33.703
2;15;28.1124
3;13;-11.561
3;14;-6.64522
3;15;72.8
4;13;30.9365
4;14;49.1745
4;15;51.8804
5;13;32.6827
5;14;19.5316
5;15;73.9483
6;13;33.3253
6;14;23.9207
6;15;51.7779
7;13;32.9765
7;14;20.8417
8;13;54.8942
8;15;34.7672
9;13;-16.9676
9;15;38.7466
10;13;36.8379
10;14;-14.4589
10;15;-16.5693
11;13;52.4659
11;14;64.2311
11;15;-11.3484
12;13;33.9584
12;14;12.9342
12;15;22.9613
7;17;14.1962
17;15;-23.585
3;8;24.6928
9;35;69.5204
35;14;50.6149
8;39;-46.7315
39;14;14.5235
2;54;43.3472
54;14;14.3097
9;4;42.0366
6;0;-21.1782
17;14;-52.3156
12;6;-12.9219
