1;13;53.6901
1;14;-19.7791
1;15;56.4925
2;13;33.703
2;14;19.3097
2;15;28.1124
3;13;-11.561
3;15;72.8
4;13;20.9365
4;14;44.1745
4;15;56.8804
5;13;42.6827
5;14;19.5316
5;15;68.9483
6;13;33.3253
6;14;23.9207
6;15;51.7779
7;13;37.9765
7;14;20.8417
8;13;54.8942
8;14;24.5235
8;15;44.7672
9;13;-16.9676
9;14;60.6149
9;15;18.7466
10;13;36.8379
10;14;-14.4589
10;15;-21.5693
11;13;57.4659
11;14;59.2311
11;15;-16.3484
12;13;38.9584
12;15;22.9613
7;24;-24.2955
24;34;6.7044
34;15;-18.585
9;5;29.9168
3;38;52.5968
38;14;-6.64522
12;40;-15.8025
40;14;12.9342
9;0;-24.2194
7;17;7.19166
