1;13;53.6901
1;14;-19.7791
1;15;56.4925
2;13;33.703
2;15;33.1124
3;13;-16.561
3;14;-6.64522
3;15;72.8
4;13;25.9365
4;14;49.1745
4;15;51.8804
5;14;19.5316
5;15;78.9483
6;13;33.3253
6;14;18.9207
6;15;51.7779
7;13;37.9765
7;14;20.8417
7;15;-18.585
8;13;54.8942
8;15;44.7672
9;13;-21.9676
9;14;60.6149
9;15;18.7466
10;13;36.8379
10;14;-9.45894
10;15;-16.5693
11;13;57.4659
11;14;54.2311
11;15;-16.3484
12;13;33.9584
12;14;12.9342
12;15;22.9613
11;7;-78.3637
2;24;13.9591
24;14;19.3097
8;37;-79.3372
37;14;34.5235
5;40;60.3396
40;13;32.6827
9;0;-10.2404
