1;13;48.6901
1;15;62.9939
2;13;19.4388
2;14;4.4327
2;15;28.1124
3;13;-11.561
3;14;43.8654
3;15;73.4845
4;13;35.9365
4;14;44.1745
4;15;56.8804
5;13;32.6827
5;14;-19.4591
5;15;73.9483
6;13;33.3253
6;14;9.36781
6;15;51.7779
7;13;37.9765
7;14;57.1006
7;15;-15.0838
8;13;59.8942
8;14;78.6467
8;15;44.7672
9;13;1.08829
9;14;60.6149
9;15;66.5181
10;13;41.8379
10;14;-10.0441
10;15;-16.5693
11;13;57.4659
11;15;-16.3484
12;13;33.9584
12;14;-14.8492
11;21;9.93372
21;14;45.712
1;31;23.266
31;14;-19.7791
5;39;-79.7124
39;14;-14.4591
12;43;-0.425009
43;15;-14.6578
3;18;-58.2336
