1;13;53.6901
1;14;-19.7791
1;15;56.4925
2;13;33.703
2;14;19.3097
2;15;28.1124
3;13;-6.56098
3;14;-1.64522
3;15;72.8
4;13;25.9365
4;14;49.1745
4;15;56.8804
5;13;32.6827
5;14;19.5316
5;15;78.9483
6;13;33.3253
6;14;23.9207
6;15;51.7779
7;13;37.9765
7;14;20.8417
7;15;-23.585
8;13;54.8942
8;15;44.7672
9;13;-16.9676
9;14;60.6149
10;13;36.8379
10;14;-14.4589
10;15;-16.5693
11;13;52.4659
11;14;64.2311
12;15;22.9613
12;16;41.1873
16;13;28.9584
9;17;70.7877
17;15;18.7466
12;20;-8.3213
20;14;12.9342
8;26;9.76252
26;14;24.5235
11;29;-5.53284
29;15;-11.3484
11;8;44.9826
10;7;-34.4463
0;14;72.0173
