1;13;53.6901
1;15;51.4925
2;13;28.703
2;14;19.3097
2;15;23.1124
3;13;-1.56098
3;14;-6.64522
3;15;72.8
4;13;25.9365
4;14;54.1745
4;15;56.8804
5;13;32.6827
5;14;14.5316
6;13;33.3253
6;14;23.9207
6;15;46.7779
7;13;37.9765
7;14;20.8417
7;15;-18.585
8;13;59.8942
8;14;24.5235
8;15;39.7672
9;13;-16.9676
9;15;23.7466
10;13;41.8379
10;14;-19.4589
10;15;-11.5693
11;13;57.4659
11;14;59.2311
11;15;-16.3484
12;14;12.9342
12;15;22.9613
7;1;54.3516
5;24;-16.6617
24;15;83.9483
1;27;-32.04
12;36;-59.8116
36;13;38.9584
9;42;-66.776
42;14;65.6149
27;59;-2.03538
59;14;-24.7791
