1;13;48.6901
1;14;-19.7791
1;15;56.4925
2;13;33.703
2;14;19.3097
2;15;28.1124
3;13;-6.56098
3;14;-6.64522
3;15;72.8
4;13;25.9365
4;15;56.8804
5;13;27.6827
5;14;19.5316
5;15;78.9483
6;13;33.3253
6;14;23.9207
6;15;51.7779
7;14;20.8417
7;15;-18.585
8;13;49.8942
8;14;24.5235
8;15;39.7672
9;13;-16.9676
9;15;18.7466
10;13;41.8379
10;14;-14.4589
10;15;-21.5693
11;13;57.4659
11;14;64.2311
11;15;-16.3484
12;14;12.9342
12;15;22.9613
9;24;-11.708
4;25;22.9285
25;14;49.1745
24;38;28.1896
38;14;60.6149
7;42;70.7877
42;13;37.9765
12;54;54.3112
54;13;33.9584
