1;13;53.6901
1;14;-19.7791
1;15;61.4925
2;13;33.703
2;15;28.1124
3;13;8.43902
3;14;-6.64522
3;15;72.8
4;13;25.9365
4;15;51.8804
5;13;32.6827
5;14;19.5316
5;15;78.9483
6;13;28.3253
6;15;51.7779
7;13;32.9765
7;14;10.8417
7;15;-18.585
8;13;44.8942
8;14;29.5235
8;15;44.7672
9;13;-26.9676
9;14;60.6149
9;15;28.7466
10;13;46.8379
10;14;-19.4589
10;15;-16.5693
11;13;57.4659
11;14;59.2311
11;15;-16.3484
12;13;33.9584
12;14;12.9342
12;15;22.9613
2;21;55.8559
21;14;9.30973
4;26;-7.2285
26;14;44.1745
15;16;2.34235
6;31;-0.554964
31;14;8.92073
10;6;-17.387
9;3;-31.0867
8;0;-24.427
