1;13;11.0692
1;15;56.5434
2;13;32.3548
2;14;17.3556
2;15;-0.0997276
3;13;70.8485
3;14;8.22838
3;15;63.6828
4;13;61.8128
4;14;42.6125
4;15;66.1265
5;13;36.3617
5;14;4.26258
5;15;74.982
6;13;26.6169
6;14;-19.0927
6;15;25.2122
7;13;69.2324
7;14;25.8039
7;15;77.9434
8;15;31.6706
9;13;37.3721
9;14;76.3505
9;15;43.9009
10;13;76.5682
10;14;68.8949
10;15;44.0368
11;13;68.2204
11;14;6.60279
11;15;21.3984
12;13;-15.1174
12;14;27.5806
12;15;11.6867
1;29;8.07888
29;14;70.0772
8;31;-58.56
31;13;8.82695
8;38;-6.64585
38;14;60.4782
