1;13;53.6901
1;14;-19.7791
1;15;56.4925
2;13;28.703
2;14;19.3097
2;15;28.1124
3;13;-16.561
3;14;-6.64522
4;13;25.9365
4;14;49.1745
4;15;51.8804
5;14;24.5316
5;15;78.9483
6;13;33.3253
6;14;23.9207
6;15;51.7779
7;13;37.9765
7;14;25.8417
8;13;49.8942
8;14;29.5235
8;15;44.7672
9;13;-16.9676
9;15;18.7466
10;13;36.8379
10;14;-14.4589
10;15;-21.5693
11;13;57.4659
11;14;59.2311
11;15;-16.3484
12;13;33.9584
12;14;12.9342
12;17;66.7104
17;15;22.9613
9;21;-47.3827
21;14;60.6149
5;27;3.24502
27;13;32.6827
3;33;42.2174
33;15;77.8
7;35;-59.078
35;15;-13.585
12;0;25.9944
