1;14;-19.7791
1;15;56.4925
2;13;33.703
2;14;19.3097
2;15;28.1124
3;13;-11.561
3;14;-6.64522
4;13;25.9365
4;14;49.1745
4;15;56.8804
5;13;32.6827
5;14;19.5316
5;15;73.9483
6;13;33.3253
6;14;23.9207
6;15;51.7779
7;13;37.9765
7;15;-18.585
8;13;54.8942
8;14;19.5235
8;15;39.7672
9;13;-16.9676
9;14;60.6149
10;13;36.8379
10;14;-14.4589
10;15;-16.5693
11;13;57.4659
11;15;-11.3484
12;13;23.9584
12;15;22.9613
9;16;-75.9101
16;15;18.7466
1;19;-51.4042
19;13;53.6901
7;22;-56.0021
22;14;20.8417
12;25;-76.5822
25;14;12.9342
3;41;73.8447
41;15;72.8
11;54;-62.8681
54;14;59.2311
