1;13;43.0243
1;14;58.0868
1;15;7.61199
2;13;33.703
2;14;-8.08887
2;15;28.1124
3;13;-11.561
3;14;43.8654
3;15;72.8
4;13;7.91775
4;14;13.3569
4;15;33.6743
5;13;27.6585
5;14;-3.01797
5;15;78.9483
6;13;37.5747
6;14;23.9207
6;15;44.6196
7;13;66.5535
7;14;52.1006
7;15;-15.0838
8;13;49.8942
8;15;5.75854
9;13;-16.9676
9;15;74.0837
10;13;9.08287
10;14;15.7193
10;15;-11.5693
11;13;10.1763
11;14;61.4909
11;15;-2.10483
12;14;45.388
12;15;57.8257
1;3;4.50765
9;25;-17.9524
25;14;74.4697
12;27;-49.4897
27;13;16.0105
10;8;-74.8853
4;0;-62.8646
