1;13;42.5964
1;14;-7.76742
1;15;66.5679
2;13;59.2995
2;14;-0.197941
2;15;41.2442
3;13;-9.02673
3;14;8.22838
3;15;-3.28346
4;13;7.91775
4;14;0.0352364
4;15;20.1188
5;13;11.5658
5;14;23.4009
5;15;16.2115
6;13;18.5748
6;14;33.2846
6;15;30.5339
7;13;30.0019
7;14;-18.5421
7;15;5.1974
8;13;-9.9143
8;14;10.5408
8;15;1.50661
9;13;6.04449
9;14;44.9659
9;15;35.2316
10;13;62.5895
10;14;43.5986
10;15;60.9785
11;13;49.7848
11;14;16.195
11;15;-2.10483
12;13;-15.1174
12;14;64.5005
12;15;64.391
8;18;-35.1633
18;13;18.2167
