1;13;58.6901
1;14;-19.7791
1;15;56.4925
2;13;28.703
2;14;19.3097
2;15;33.1124
3;13;-6.56098
3;14;-11.6452
4;13;56.7014
4;14;44.1745
4;15;56.8804
5;13;37.6827
5;14;9.5316
5;15;68.9483
6;13;33.3253
6;15;51.7779
7;15;-18.585
8;13;54.8942
8;14;24.5235
8;15;49.7672
9;13;-16.9676
9;14;60.6149
9;15;18.7466
10;13;23.4398
10;14;-9.45894
10;15;-16.5693
11;13;57.4659
11;14;59.2311
11;15;-21.3484
12;13;-19.3995
12;14;12.9342
12;15;74.6811
7;21;19.5688
21;13;42.9765
3;30;49.4109
30;15;72.8
7;32;3.33098
32;14;20.8417
4;42;-36.2681
42;15;61.8804
10;45;-15.6337
45;14;-9.45894
4;3;1.80224
6;1;5.968
