1;13;53.6901
1;14;-19.7791
1;15;66.4925
2;13;33.703
2;15;28.1124
3;13;-11.561
3;14;-11.6452
3;15;72.8
4;13;25.9365
4;15;56.8804
5;13;37.6827
5;14;19.5316
5;15;78.9483
6;13;33.3253
6;14;23.9207
6;15;51.7779
7;13;32.9765
7;14;20.8417
7;15;-18.585
8;13;49.8942
8;14;24.5235
8;15;44.7672
9;13;-16.9676
9;14;60.6149
9;15;23.7466
10;13;36.8379
10;14;-14.4589
10;15;-16.5693
11;13;57.4659
11;14;54.2311
11;15;-16.3484
12;13;33.9584
12;14;12.9342
12;15;27.9613
4;22;5.56579
22;14;44.1745
2;27;-31.5724
27;14;19.3097
