1;13;53.6901
1;14;12.6097
1;15;10.8157
2;13;33.703
2;15;28.1124
3;14;-6.64522
3;15;60.0775
4;13;51.9462
4;14;39.9291
4;15;56.8804
5;13;32.6827
5;14;19.5316
5;15;83.9483
6;13;33.3253
6;14;23.9207
6;15;51.7779
7;13;47.0024
7;14;55.2935
7;15;18.0215
8;13;27.4063
8;14;24.5235
8;15;44.7672
9;13;3.44413
9;14;60.6149
9;15;18.7466
10;13;66.7197
10;14;-13.7326
10;15;-16.5693
11;13;57.4659
11;14;25.5442
11;15;-16.3484
12;13;33.9584
12;14;33.296
12;15;22.9613
1;24;36.2594
24;14;-19.7791
2;26;34.7211
26;14;19.3097
14;15;3.16378
