1;13;48.6901
1;14;-9.77908
1;15;51.4925
2;13;33.703
2;14;19.3097
2;15;28.1124
3;13;-11.561
3;14;-6.64522
3;15;72.8
4;13;30.9365
4;15;51.8804
5;13;32.6827
5;14;29.5316
6;13;33.3253
6;14;28.9207
6;15;51.7779
7;14;30.8417
7;15;-18.585
8;13;54.8942
8;14;24.5235
8;15;39.7672
9;13;-11.9676
9;15;18.7466
10;13;36.8379
10;14;-19.4589
10;15;-16.5693
11;13;57.4659
11;14;69.2311
11;15;-11.3484
12;14;17.9342
12;15;22.9613
12;19;8.65504
19;13;33.9584
9;23;-10.0679
23;14;60.6149
7;31;-11.7082
31;13;42.9765
4;43;-60.2515
43;14;44.1745
5;54;-2.97184
54;15;83.9483
