1;13;65.9479
1;14;54.8023
1;15;27.0325
2;13;60.8617
2;14;63.2225
2;15;45.0421
3;13;-4.99012
3;14;-20.5271
3;15;21.0011
4;13;57.5058
4;15;71.1265
5;13;0.725668
5;14;9.64403
5;15;70.8109
6;13;46.7908
6;14;31.5835
6;15;62.8546
7;13;69.2324
7;15;20.5267
8;13;11.8191
8;14;11.6653
9;13;47.3648
9;14;69.6618
9;15;82.538
10;13;33.2514
10;14;39.5963
10;15;-3.41182
11;13;41.7092
11;15;-18.6095
12;13;-19.4157
12;14;6.86843
12;15;69.613
11;20;13.3344
20;14;25.5442
8;33;18.4376
33;15;-4.52895
7;41;35.7501
41;14;62.7056
4;52;68.5595
52;14;-8.18736
14;55;-41.3757
55;5;-7.14324
