1;13;53.6901
1;14;-19.7791
1;15;56.4925
2;13;33.703
2;14;19.3097
2;15;28.1124
3;13;-11.561
3;14;-6.64522
3;15;67.8
4;13;25.9365
4;14;49.1745
4;15;56.8804
5;13;32.6827
5;14;19.5316
5;15;83.9483
6;13;33.3253
6;14;23.9207
6;15;51.7779
7;13;32.9765
7;14;15.8417
7;15;-13.585
8;13;54.8942
8;14;29.5235
8;15;44.7672
9;13;-21.9676
9;14;60.6149
9;15;18.7466
10;13;36.8379
10;15;-16.5693
11;13;52.4659
11;14;64.2311
11;15;-16.3484
12;13;23.9584
12;15;22.9613
12;20;18.9089
20;14;12.9342
10;28;9.61026
28;14;-19.4589
