1;13;23.7638
1;14;58.0868
1;15;56.4925
2;13;33.703
2;14;19.3097
2;15;48.7527
3;13;-11.561
3;14;32.9899
3;15;60.0775
4;13;39.6341
4;15;56.8804
5;13;56.9374
5;14;19.5316
5;15;78.9483
6;13;28.3253
6;14;-19.4924
6;15;46.7779
7;13;37.9765
7;14;62.7056
7;15;-18.585
8;13;30.741
8;14;19.5235
8;15;-9.52895
9;13;3.44413
9;14;51.4767
9;15;13.7466
10;13;62.5895
10;14;33.2491
10;15;-16.5693
11;13;77.6798
11;15;-21.3484
12;13;-16.3673
12;14;2.93417
12;15;57.8257
9;18;-2.84337
18;14;60.6149
11;23;-11.6985
23;14;59.2311
6;36;7.99456
36;14;23.9207
1;37;-25.625
37;13;53.6901
4;45;-68.0297
45;14;54.1745
1;0;15.2747
