1;13;53.6901
1;14;12.6097
1;15;-15.2258
2;13;33.703
2;14;19.3097
2;15;28.1124
3;13;-11.561
3;14;-11.6452
3;15;79.9241
4;13;25.9365
4;14;49.1745
4;15;56.8804
5;13;32.6827
5;14;37.8702
5;15;78.9483
6;13;33.3253
6;14;-19.0927
6;15;56.7779
7;13;37.9765
7;14;25.8417
7;15;-18.585
8;13;54.8942
8;15;44.7672
9;13;-16.9676
9;14;59.5231
10;13;76.5682
10;14;-19.4589
10;15;9.28891
11;13;57.4659
11;14;52.5771
11;15;-16.3484
12;13;33.9584
12;14;12.9342
12;15;22.9613
9;16;-36.8748
16;15;18.7466
8;19;-7.27356
19;14;24.5235
1;31;29.68
31;14;-19.7791
12;3;51.2252
