1;14;40.6542
1;15;51.9075
2;13;2.10094
2;14;5.64885
2;15;-0.0997276
3;13;-9.02673
3;14;36.4252
3;15;60.0775
4;13;39.6341
4;15;14.8322
5;13;69.042
5;14;11.2491
6;13;14.3841
6;15;14.9562
7;13;40.1427
7;14;62.7615
8;13;73.3273
8;14;49.2488
8;15;58.7408
9;13;6.04449
9;14;49.9659
9;15;43.9009
10;13;76.5682
10;14;5.53364
10;15;9.28891
11;13;36.8076
11;14;16.6028
11;15;-13.2392
12;13;13.715
12;14;-3.77946
12;15;12.4096
4;16;-56.8852
16;14;0.0352364
10;21;19.902
21;15;72.5319
7;24;-67.8749
24;15;61.7747
3;7;5.80628
6;41;-3.53979
41;14;-24.0927
1;45;-39.8417
45;13;-11.7423
12;1;-63.4187
10;5;-9.18434
0;3;-44.3806
