1;13;59.3753
1;14;70.0772
1;15;3.63598
2;13;60.8617
2;14;24.6645
2;15;38.9637
3;13;58.5346
3;14;-15.5271
3;15;14.352
4;13;7.91775
4;14;-8.70357
4;15;13.4016
5;13;43.7906
5;14;79.4196
5;15;33.6115
6;13;18.0434
6;14;-1.98637
6;15;30.5339
7;13;1.22687
7;14;26.7274
7;15;48.3098
8;13;-7.03366
8;14;-2.69353
8;15;-5.9662
9;13;54.5154
9;14;-9.66098
9;15;40.0405
10;13;76.5682
10;14;2.46433
10;15;28.845
11;13;57.2706
11;14;-14.799
11;15;34.114
12;13;-16.3673
12;14;64.5005
12;15;57.8257
5;16;37.6553
16;13;61.9374
