1;13;58.6901
1;14;-19.7791
1;15;56.4925
2;13;28.703
2;14;19.3097
2;15;28.1124
3;14;-6.64522
3;15;72.8
4;13;30.9365
4;15;56.8804
5;13;32.6827
5;14;19.5316
5;15;78.9483
6;13;33.3253
6;14;18.9207
6;15;51.7779
7;13;42.9765
7;14;20.8417
7;15;-18.585
8;13;54.8942
8;14;24.5235
8;15;44.7672
9;13;-16.9676
9;14;65.6149
9;15;18.7466
10;13;36.8379
10;14;-14.4589
10;15;-16.5693
11;13;57.4659
11;14;59.2311
11;15;-16.3484
12;14;17.9342
12;15;22.9613
4;16;-14.0969
16;14;44.1745
12;30;26.2803
30;13;33.9584
3;36;78.7771
36;13;-11.561
9;12;-16.3031
